(0;Version=21;SubVersion=1/
1;"Тест_армирования";/
2;5/

23;ReliabilityFactor=1.000000 
ReliabilityFactor2=1.000000 
QuantityRodVariable=5 
CheckSolution=1 
NoForceInsert=2 
MemoryProcentGauss=50 
LanczPrec=6 
MaxIterDynForm=100 
MaxQuantityPointTime=2 
MaxNumLancVect=130 
LanczShift=10 
MaxIterStabForm=20 
CoeffIntervalGeom=5 
GibridPlaneStress=1 
GibridPlate=1 
/
5;Standart=0 FireTime=900 /

16;0 0/
31;13-16 19 21-24/
32;1-114/
33;м 1 см 100 Т 1 /)

(1/44 0 1 2 4 3 /44 0 1 17 13 5 /44 0 13 5 14 18 /44 0 14 18 15 6 /44 0 15 6 16 
 
19 /44 0 16 19 4 20 /44 0 17 2 5 21 /44 0 5 21 18 22 /44 0 18 22 6 23 /44 0 6  
23 19 24 /44 0 19 24 20 3 /44 0 1 2 7 8 /44 0 1 17 7 25 /44 0 17 2 25 8 /44 0 3 
 
4 9 10 /44 0 3 20 9 26 /44 0 20 4 26 10 /44 0 5 6 11 12 /44 0 5 18 11 27 /44 0  
18 6 27 12 /44 0 7 8 10 9 /44 0 7 25 34 11 /44 0 34 11 35 27 /44 0 35 27 36 12 /
 
44 0 36 12 37 38 /44 0 37 38 10 26 /44 0 25 8 11 39 /44 0 11 39 27 40 /44 0 27  
40 12 41 /44 0 12 41 38 42 /44 0 38 42 26 9 /44 0 7 8 28 29 /44 0 7 25 28 43 / 
44 0 25 8 43 29 /44 0 9 10 30 31 /44 0 9 26 30 44 /44 0 26 10 44 31 /44 0 11 12 
 
32 33 /44 0 11 27 32 45 /44 0 27 12 45 33 /44 0 46 52 55 50 /44 0 55 50 56 54 / 
44 0 56 54 57 51 /44 0 57 51 58 59 /44 0 58 59 49 53 /44 0 52 47 50 60 /44 0 50 
 
60 54 61 /44 0 54 61 51 62 /44 0 51 62 59 63 /44 0 59 63 53 48 /44 0 64 70 73  
79 /44 0 70 65 79 74 /44 0 66 71 75 80 /44 0 71 67 80 76 /44 0 68 72 77 81 /44  
0 72 69 81 78 /44 0 82 88 91 86 /44 0 91 86 92 90 /44 0 92 90 93 87 /44 0 93 87 
 
94 95 /44 0 94 95 85 89 /44 0 88 83 86 96 /44 0 86 96 90 97 /44 0 90 97 87 98 / 
44 0 87 98 95 99 /44 0 95 99 89 84 /44 0 100 106 109 115 /44 0 106 101 115 110 /
 
44 0 102 107 111 116 /44 0 107 103 116 112 /44 0 104 108 113 117 /44 0 108 105  
117 114 /44 0 118 124 127 122 /44 0 127 122 128 126 /44 0 128 126 129 123 /44 0 
 
129 123 130 131 /44 0 130 131 121 125 /44 0 124 119 122 132 /44 0 122 132 126  
133 /44 0 126 133 123 134 /44 0 123 134 131 135 /44 0 131 135 125 120 /44 0 136 
 
142 145 151 /44 0 142 137 151 146 /44 0 138 143 147 152 /44 0 143 139 152 148 / 
44 0 140 144 149 153 /44 0 144 141 153 150 /44 0 154 160 163 158 /44 0 163 158  
164 162 /44 0 164 162 165 159 /44 0 165 159 166 167 /44 0 166 167 157 161 /44 0 
 
160 155 158 168 /44 0 158 168 162 169 /44 0 162 169 159 170 /44 0 159 170 167  
171 /44 0 167 171 161 156 /44 0 172 178 181 187 /44 0 178 173 187 182 /44 0 174 
 
179 183 188 /44 0 179 175 188 184 /44 0 176 180 185 189 /44 0 180 177 189 186 / 
44 0 190 196 199 194 /44 0 199 194 200 198 /44 0 200 198 201 195 /44 0 201 195  
202 203 /44 0 202 203 193 197 /44 0 196 191 194 204 /44 0 194 204 198 205 /44 0 
 
198 205 195 206 /44 0 195 206 203 207 /44 0 203 207 197 192 /44 3 1 212 208 213 
/44 3 208 213 209 214 /r 1 2:0 0 1 1 1 1 /44 3 211 216 7 217 /44 3 212 218 213  
219 /r 1 4:0 0 1 1 1 1 /44 3 218 224 219 225 /r 1 4:0 0 1 1 1 1 /44 3 224 230  
225 231 /r 1 4:0 0 1 1 1 1 /44 3 230 17 231 236 /44 3 231 236 232 237 /r 1 2:0  
0 1 1 1 1 /44 3 234 239 235 25 /44 3 17 240 236 241 /44 3 236 241 237 242 /r 1  
2:0 0 1 1 1 1 /44 3 239 244 25 245 /44 3 240 246 241 247 /r 1 4:0 0 1 1 1 1 /44 
 
3 246 252 247 253 /r 1 4:0 0 1 1 1 1 /44 3 252 258 253 259 /r 1 4:0 0 1 1 1 1 / 
44 3 258 2 259 264 /44 3 259 264 260 265 /r 1 2:0 0 1 1 1 1 /44 3 262 267 263 8 
/44 3 3 272 268 273 /44 3 268 273 269 274 /r 1 2:0 0 1 1 1 1 /44 3 271 276 9  
277 /44 3 272 278 273 279 /r 1 4:0 0 1 1 1 1 /44 3 278 284 279 285 /r 1 4:0 0 1 
 
1 1 1 /44 3 284 290 285 291 /r 1 4:0 0 1 1 1 1 /44 3 290 20 291 296 /44 3 291  
296 292 297 /r 1 2:0 0 1 1 1 1 /44 3 294 299 295 26 /44 3 20 300 296 301 /44 3  
296 301 297 302 /r 1 2:0 0 1 1 1 1 /44 3 299 304 26 305 /44 3 300 306 301 307 / 
r 1 4:0 0 1 1 1 1 /44 3 306 312 307 313 /r 1 4:0 0 1 1 1 1 /44 3 312 318 313  
319 /r 1 4:0 0 1 1 1 1 /44 3 318 4 319 324 /44 3 319 324 320 325 /r 1 2:0 0 1 1 
 
1 1 /44 3 322 327 323 10 /44 2 5 332 328 333 /44 2 328 333 329 334 /r 1 2:0 0 1 
 
1 1 1 /44 2 331 336 11 337 /44 2 332 338 333 339 /r 1 4:0 0 1 1 1 1 /44 2 338  
344 339 345 /r 1 4:0 0 1 1 1 1 /44 2 344 350 345 351 /r 1 4:0 0 1 1 1 1 /44 2  
350 18 351 356 /44 2 351 356 352 357 /r 1 2:0 0 1 1 1 1 /44 2 354 359 355 27 / 
44 2 18 360 356 361 /44 2 356 361 357 362 /r 1 2:0 0 1 1 1 1 /44 2 359 364 27  
365 /44 2 360 366 361 367 /r 1 4:0 0 1 1 1 1 /44 2 366 372 367 373 /r 1 4:0 0 1 
 
1 1 1 /44 2 372 378 373 379 /r 1 4:0 0 1 1 1 1 /44 2 378 6 379 384 /44 2 379  
384 380 385 /r 1 2:0 0 1 1 1 1 /44 2 382 387 383 12 /44 1 7 217 388 392 /44 1  
388 392 389 393 /r 1 2:0 0 1 1 1 1 /44 1 391 395 34 396 /44 1 217 223 392 397 / 
44 1 392 397 393 398 /r 1 3:0 0 1 1 1 1 /44 1 223 229 397 402 /44 1 397 402 398 
 
403 /r 1 3:0 0 1 1 1 1 /44 1 229 235 402 407 /44 1 402 407 403 408 /r 1 3:0 0 1 
 
1 1 1 /44 1 235 25 407 412 /44 1 407 412 408 413 /r 1 2:0 0 1 1 1 1 /44 1 410  
415 411 11 /44 1 34 396 416 420 /44 1 416 420 417 421 /r 1 2:0 0 1 1 1 1 /44 1  
419 423 35 424 /44 1 396 401 420 425 /44 1 420 425 421 426 /r 1 3:0 0 1 1 1 1 / 
44 1 401 406 425 430 /44 1 425 430 426 431 /r 1 3:0 0 1 1 1 1 /44 1 406 411 430 
 
435 /44 1 430 435 431 436 /r 1 3:0 0 1 1 1 1 /44 1 411 11 435 337 /44 1 435 337 
 
436 343 /r 1 2:0 0 1 6 1 6 /44 1 438 355 439 27 /44 1 35 424 440 444 /44 1 440  
444 441 445 /r 1 2:0 0 1 1 1 1 /44 1 443 447 36 448 /44 1 424 429 444 449 /44 1 
 
444 449 445 450 /r 1 3:0 0 1 1 1 1 /44 1 429 434 449 454 /44 1 449 454 450 455 /
 
r 1 3:0 0 1 1 1 1 /44 1 434 439 454 459 /44 1 454 459 455 460 /r 1 3:0 0 1 1 1  
1 /44 1 439 27 459 365 /44 1 459 365 460 371 /r 1 2:0 0 1 6 1 6 /44 1 462 383  
463 12 /44 1 36 448 464 468 /44 1 464 468 465 469 /r 1 2:0 0 1 1 1 1 /44 1 467  
471 37 472 /44 1 448 453 468 473 /44 1 468 473 469 474 /r 1 3:0 0 1 1 1 1 /44 1 
 
453 458 473 478 /44 1 473 478 474 479 /r 1 3:0 0 1 1 1 1 /44 1 458 463 478 483 /
 
44 1 478 483 479 484 /r 1 3:0 0 1 1 1 1 /44 1 463 12 483 488 /44 1 483 488 484  
489 /r 1 2:0 0 1 1 1 1 /44 1 486 491 487 38 /44 1 37 472 492 496 /44 1 492 496  
493 497 /r 1 2:0 0 1 1 1 1 /44 1 495 499 10 323 /44 1 472 477 496 500 /44 1 496 
 
500 497 501 /r 1 2:0 0 1 1 1 1 /44 1 499 503 323 317 /44 1 477 482 500 504 /44  
1 500 504 501 505 /r 1 2:0 0 1 1 1 1 /44 1 503 507 317 311 /44 1 482 487 504  
508 /44 1 504 508 505 509 /r 1 2:0 0 1 1 1 1 /44 1 507 511 311 305 /44 1 487 38 
 
508 512 /44 1 508 512 509 513 /r 1 2:0 0 1 1 1 1 /44 1 511 515 305 26 /44 1 25  
245 412 516 /44 1 412 516 413 517 /r 1 2:0 0 1 1 1 1 /44 1 415 519 11 520 /44 1 
 
245 251 516 521 /44 1 516 521 517 522 /r 1 3:0 0 1 1 1 1 /44 1 251 257 521 526 /
 
44 1 521 526 522 527 /r 1 3:0 0 1 1 1 1 /44 1 257 263 526 531 /44 1 526 531 527 
 
532 /r 1 3:0 0 1 1 1 1 /44 1 263 8 531 536 /44 1 531 536 532 537 /r 1 2:0 0 1 1 
 
1 1 /44 1 534 539 535 39 /44 1 11 520 337 540 /44 1 337 540 343 541 /r 1 2:0 0  
6 1 6 1 /44 1 355 543 27 544 /44 1 520 525 540 545 /44 1 540 545 541 546 /r 1 3:
 
0 0 1 1 1 1 /44 1 525 530 545 550 /44 1 545 550 546 551 /r 1 3:0 0 1 1 1 1 /44  
1 530 535 550 555 /44 1 550 555 551 556 /r 1 3:0 0 1 1 1 1 /44 1 535 39 555 560 
/44 1 555 560 556 561 /r 1 2:0 0 1 1 1 1 /44 1 558 563 559 40 /44 1 27 544 365  
564 /44 1 365 564 371 565 /r 1 2:0 0 6 1 6 1 /44 1 383 567 12 568 /44 1 544 549 
 
564 569 /44 1 564 569 565 570 /r 1 3:0 0 1 1 1 1 /44 1 549 554 569 574 /44 1  
569 574 570 575 /r 1 3:0 0 1 1 1 1 /44 1 554 559 574 579 /44 1 574 579 575 580 /
 
r 1 3:0 0 1 1 1 1 /44 1 559 40 579 584 /44 1 579 584 580 585 /r 1 2:0 0 1 1 1 1 
/44 1 582 587 583 41 /44 1 12 568 488 588 /44 1 488 588 489 589 /r 1 2:0 0 1 1  
1 1 /44 1 491 591 38 592 /44 1 568 573 588 593 /44 1 588 593 589 594 /r 1 3:0 0 
 
1 1 1 1 /44 1 573 578 593 598 /44 1 593 598 594 599 /r 1 3:0 0 1 1 1 1 /44 1  
578 583 598 603 /44 1 598 603 599 604 /r 1 3:0 0 1 1 1 1 /44 1 583 41 603 608 / 
44 1 603 608 604 609 /r 1 2:0 0 1 1 1 1 /44 1 606 611 607 42 /44 1 38 592 512  
612 /44 1 512 612 513 613 /r 1 2:0 0 1 1 1 1 /44 1 515 615 26 295 /44 1 592 597 
 
612 616 /44 1 612 616 613 617 /r 1 2:0 0 1 1 1 1 /44 1 615 619 295 289 /44 1  
597 602 616 620 /44 1 616 620 617 621 /r 1 2:0 0 1 1 1 1 /44 1 619 623 289 283 /
 
44 1 602 607 620 624 /44 1 620 624 621 625 /r 1 2:0 0 1 1 1 1 /44 1 623 627 283 
 
277 /44 1 607 42 624 628 /44 1 624 628 625 629 /r 1 2:0 0 1 1 1 1 /44 1 627 631 
 
277 9 /44 3 7 217 632 636 /44 3 632 636 633 637 /r 1 2:0 0 1 1 1 1 /44 3 635  
639 28 640 /44 3 217 223 636 641 /44 3 636 641 637 642 /r 1 3:0 0 1 1 1 1 /44 3 
 
223 229 641 646 /44 3 641 646 642 647 /r 1 3:0 0 1 1 1 1 /44 3 229 235 646 651 /
 
44 3 646 651 647 652 /r 1 3:0 0 1 1 1 1 /44 3 235 25 651 656 /44 3 651 656 652  
657 /r 1 2:0 0 1 1 1 1 /44 3 654 659 655 43 /44 3 25 245 656 660 /44 3 656 660  
657 661 /r 1 2:0 0 1 1 1 1 /44 3 659 663 43 664 /44 3 245 251 660 665 /44 3 660 
 
665 661 666 /r 1 3:0 0 1 1 1 1 /44 3 251 257 665 670 /44 3 665 670 666 671 /r 1 
 
3:0 0 1 1 1 1 /44 3 257 263 670 675 /44 3 670 675 671 676 /r 1 3:0 0 1 1 1 1 / 
44 3 263 8 675 680 /44 3 675 680 676 681 /r 1 2:0 0 1 1 1 1 /44 3 678 683 679  
29 /44 3 9 277 684 688 /44 3 684 688 685 689 /r 1 2:0 0 1 1 1 1 /44 3 687 691  
30 692 /44 3 277 283 688 693 /44 3 688 693 689 694 /r 1 3:0 0 1 1 1 1 /44 3 283 
 
289 693 698 /44 3 693 698 694 699 /r 1 3:0 0 1 1 1 1 /44 3 289 295 698 703 /44  
3 698 703 699 704 /r 1 3:0 0 1 1 1 1 /44 3 295 26 703 708 /44 3 703 708 704 709 
/r 1 2:0 0 1 1 1 1 /44 3 706 711 707 44 /44 3 26 305 708 712 /44 3 708 712 709  
713 /r 1 2:0 0 1 1 1 1 /44 3 711 715 44 716 /44 3 305 311 712 717 /44 3 712 717 
 
713 718 /r 1 3:0 0 1 1 1 1 /44 3 311 317 717 722 /44 3 717 722 718 723 /r 1 3:0 
 
0 1 1 1 1 /44 3 317 323 722 727 /44 3 722 727 723 728 /r 1 3:0 0 1 1 1 1 /44 3  
323 10 727 732 /44 3 727 732 728 733 /r 1 2:0 0 1 1 1 1 /44 3 730 735 731 31 / 
44 2 11 337 736 740 /44 2 736 740 737 741 /r 1 2:0 0 1 1 1 1 /44 2 739 743 32  
744 /44 2 337 343 740 745 /44 2 740 745 741 746 /r 1 3:0 0 1 1 1 1 /44 2 343  
349 745 750 /44 2 745 750 746 751 /r 1 3:0 0 1 1 1 1 /44 2 349 355 750 755 /44  
2 750 755 751 756 /r 1 3:0 0 1 1 1 1 /44 2 355 27 755 760 /44 2 755 760 756 761 
/r 1 2:0 0 1 1 1 1 /44 2 758 763 759 45 /44 2 27 365 760 764 /44 2 760 764 761  
765 /r 1 2:0 0 1 1 1 1 /44 2 763 767 45 768 /44 2 365 371 764 769 /44 2 764 769 
 
765 770 /r 1 3:0 0 1 1 1 1 /44 2 371 377 769 774 /44 2 769 774 770 775 /r 1 3:0 
 
0 1 1 1 1 /44 2 377 383 774 779 /44 2 774 779 775 780 /r 1 3:0 0 1 1 1 1 /44 2  
383 12 779 784 /44 2 779 784 780 785 /r 1 2:0 0 1 1 1 1 /44 2 782 787 783 33 / 
44 1 46 640 788 792 /44 1 788 792 789 793 /r 1 2:0 0 1 1 1 1 /44 1 791 795 55  
796 /44 1 640 645 792 797 /44 1 792 797 793 798 /r 1 3:0 0 1 1 1 1 /44 1 645  
650 797 802 /44 1 797 802 798 803 /r 1 3:0 0 1 1 1 1 /44 1 650 655 802 807 /44  
1 802 807 803 808 /r 1 3:0 0 1 1 1 1 /44 1 655 52 807 812 /44 1 807 812 808 813 
/r 1 2:0 0 1 1 1 1 /44 1 810 815 811 50 /44 1 55 796 816 820 /44 1 816 820 817  
821 /r 1 2:0 0 1 1 1 1 /44 1 819 823 56 824 /44 1 796 801 820 825 /44 1 820 825 
 
821 826 /r 1 3:0 0 1 1 1 1 /44 1 801 806 825 830 /44 1 825 830 826 831 /r 1 3:0 
 
0 1 1 1 1 /44 1 806 811 830 835 /44 1 830 835 831 836 /r 1 3:0 0 1 1 1 1 /44 1  
811 50 835 744 /44 1 835 744 836 749 /r 1 2:0 0 1 5 1 5 /44 1 838 759 839 54 / 
44 1 56 824 840 844 /44 1 840 844 841 845 /r 1 2:0 0 1 1 1 1 /44 1 843 847 57  
848 /44 1 824 829 844 849 /44 1 844 849 845 850 /r 1 3:0 0 1 1 1 1 /44 1 829  
834 849 854 /44 1 849 854 850 855 /r 1 3:0 0 1 1 1 1 /44 1 834 839 854 859 /44  
1 854 859 855 860 /r 1 3:0 0 1 1 1 1 /44 1 839 54 859 768 /44 1 859 768 860 773 
/r 1 2:0 0 1 5 1 5 /44 1 862 783 863 51 /44 1 57 848 864 868 /44 1 864 868 865  
869 /r 1 2:0 0 1 1 1 1 /44 1 867 871 58 872 /44 1 848 853 868 873 /44 1 868 873 
 
869 874 /r 1 3:0 0 1 1 1 1 /44 1 853 858 873 878 /44 1 873 878 874 879 /r 1 3:0 
 
0 1 1 1 1 /44 1 858 863 878 883 /44 1 878 883 879 884 /r 1 3:0 0 1 1 1 1 /44 1  
863 51 883 888 /44 1 883 888 884 889 /r 1 2:0 0 1 1 1 1 /44 1 886 891 887 59 / 
44 1 58 872 892 896 /44 1 892 896 893 897 /r 1 2:0 0 1 1 1 1 /44 1 895 899 49  
731 /44 1 872 877 896 900 /44 1 896 900 897 901 /r 1 2:0 0 1 1 1 1 /44 1 899  
903 731 726 /44 1 877 882 900 904 /44 1 900 904 901 905 /r 1 2:0 0 1 1 1 1 /44  
1 903 907 726 721 /44 1 882 887 904 908 /44 1 904 908 905 909 /r 1 2:0 0 1 1 1  
1 /44 1 907 911 721 716 /44 1 887 59 908 912 /44 1 908 912 909 913 /r 1 2:0 0 1 
 
1 1 1 /44 1 911 915 716 53 /44 1 52 664 812 916 /44 1 812 916 813 917 /r 1 2:0  
0 1 1 1 1 /44 1 815 919 50 920 /44 1 664 669 916 921 /44 1 916 921 917 922 /r 1 
 
3:0 0 1 1 1 1 /44 1 669 674 921 926 /44 1 921 926 922 927 /r 1 3:0 0 1 1 1 1 / 
44 1 674 679 926 931 /44 1 926 931 927 932 /r 1 3:0 0 1 1 1 1 /44 1 679 47 931  
936 /44 1 931 936 932 937 /r 1 2:0 0 1 1 1 1 /44 1 934 939 935 60 /44 1 50 920  
744 940 /44 1 744 940 749 941 /r 1 2:0 0 5 1 5 1 /44 1 759 943 54 944 /44 1 920 
 
925 940 945 /44 1 940 945 941 946 /r 1 3:0 0 1 1 1 1 /44 1 925 930 945 950 /44  
1 945 950 946 951 /r 1 3:0 0 1 1 1 1 /44 1 930 935 950 955 /44 1 950 955 951  
956 /r 1 3:0 0 1 1 1 1 /44 1 935 60 955 960 /44 1 955 960 956 961 /r 1 2:0 0 1  
1 1 1 /44 1 958 963 959 61 /44 1 54 944 768 964 /44 1 768 964 773 965 /r 1 2:0  
0 5 1 5 1 /44 1 783 967 51 968 /44 1 944 949 964 969 /44 1 964 969 965 970 /r 1 
 
3:0 0 1 1 1 1 /44 1 949 954 969 974 /44 1 969 974 970 975 /r 1 3:0 0 1 1 1 1 / 
44 1 954 959 974 979 /44 1 974 979 975 980 /r 1 3:0 0 1 1 1 1 /44 1 959 61 979  
984 /44 1 979 984 980 985 /r 1 2:0 0 1 1 1 1 /44 1 982 987 983 62 /44 1 51 968  
888 988 /44 1 888 988 889 989 /r 1 2:0 0 1 1 1 1 /44 1 891 991 59 992 /44 1 968 
 
973 988 993 /44 1 988 993 989 994 /r 1 3:0 0 1 1 1 1 /44 1 973 978 993 998 /44  
1 993 998 994 999 /r 1 3:0 0 1 1 1 1 /44 1 978 983 998 1003 /44 1 998 1003 999  
1004 /r 1 3:0 0 1 1 1 1 /44 1 983 62 1003 1008 /44 1 1003 1008 1004 1009 /r 1 2:
 
0 0 1 1 1 1 /44 1 1006 1011 1007 63 /44 1 59 992 912 1012 /44 1 912 1012 913  
1013 /r 1 2:0 0 1 1 1 1 /44 1 915 1015 53 707 /44 1 992 997 1012 1016 /44 1  
1012 1016 1013 1017 /r 1 2:0 0 1 1 1 1 /44 1 1015 1019 707 702 /44 1 997 1002  
1016 1020 /44 1 1016 1020 1017 1021 /r 1 2:0 0 1 1 1 1 /44 1 1019 1023 702 697 /
 
44 1 1002 1007 1020 1024 /44 1 1020 1024 1021 1025 /r 1 2:0 0 1 1 1 1 /44 1  
1023 1027 697 692 /44 1 1007 63 1024 1028 /44 1 1024 1028 1025 1029 /r 1 2:0 0  
1 1 1 1 /44 1 1027 1031 692 48 /44 3 64 640 1032 1036 /44 3 1032 1036 1033 1037 
/r 1 2:0 0 1 1 1 1 /44 3 1035 1039 73 1040 /44 3 640 645 1036 1041 /44 3 1036  
1041 1037 1042 /r 1 3:0 0 1 1 1 1 /44 3 645 650 1041 1046 /44 3 1041 1046 1042  
1047 /r 1 3:0 0 1 1 1 1 /44 3 650 655 1046 1051 /44 3 1046 1051 1047 1052 /r 1  
3:0 0 1 1 1 1 /44 3 655 70 1051 1056 /44 3 1051 1056 1052 1057 /r 1 2:0 0 1 1 1 
 
1 /44 3 1054 1059 1055 79 /44 3 70 664 1056 1060 /44 3 1056 1060 1057 1061 /r 1 
 
2:0 0 1 1 1 1 /44 3 1059 1063 79 1064 /44 3 664 669 1060 1065 /44 3 1060 1065  
1061 1066 /r 1 3:0 0 1 1 1 1 /44 3 669 674 1065 1070 /44 3 1065 1070 1066 1071 /
 
r 1 3:0 0 1 1 1 1 /44 3 674 679 1070 1075 /44 3 1070 1075 1071 1076 /r 1 3:0 0  
1 1 1 1 /44 3 679 65 1075 1080 /44 3 1075 1080 1076 1081 /r 1 2:0 0 1 1 1 1 /44 
 
3 1078 1083 1079 74 /44 3 66 692 1084 1088 /44 3 1084 1088 1085 1089 /r 1 2:0 0 
 
1 1 1 1 /44 3 1087 1091 75 1092 /44 3 692 697 1088 1093 /44 3 1088 1093 1089  
1094 /r 1 3:0 0 1 1 1 1 /44 3 697 702 1093 1098 /44 3 1093 1098 1094 1099 /r 1  
3:0 0 1 1 1 1 /44 3 702 707 1098 1103 /44 3 1098 1103 1099 1104 /r 1 3:0 0 1 1  
1 1 /44 3 707 71 1103 1108 /44 3 1103 1108 1104 1109 /r 1 2:0 0 1 1 1 1 /44 3  
1106 1111 1107 80 /44 3 71 716 1108 1112 /44 3 1108 1112 1109 1113 /r 1 2:0 0 1 
 
1 1 1 /44 3 1111 1115 80 1116 /44 3 716 721 1112 1117 /44 3 1112 1117 1113 1118 
/r 1 3:0 0 1 1 1 1 /44 3 721 726 1117 1122 /44 3 1117 1122 1118 1123 /r 1 3:0 0 
 
1 1 1 1 /44 3 726 731 1122 1127 /44 3 1122 1127 1123 1128 /r 1 3:0 0 1 1 1 1 / 
44 3 731 67 1127 1132 /44 3 1127 1132 1128 1133 /r 1 2:0 0 1 1 1 1 /44 3 1130  
1135 1131 76 /44 2 68 744 1136 1140 /44 2 1136 1140 1137 1141 /r 1 2:0 0 1 1 1  
1 /44 2 1139 1143 77 1144 /44 2 744 749 1140 1145 /44 2 1140 1145 1141 1146 /r  
1 3:0 0 1 1 1 1 /44 2 749 754 1145 1150 /44 2 1145 1150 1146 1151 /r 1 3:0 0 1  
1 1 1 /44 2 754 759 1150 1155 /44 2 1150 1155 1151 1156 /r 1 3:0 0 1 1 1 1 /44  
2 759 72 1155 1160 /44 2 1155 1160 1156 1161 /r 1 2:0 0 1 1 1 1 /44 2 1158 1163 
 
1159 81 /44 2 72 768 1160 1164 /44 2 1160 1164 1161 1165 /r 1 2:0 0 1 1 1 1 /44 
 
2 1163 1167 81 1168 /44 2 768 773 1164 1169 /44 2 1164 1169 1165 1170 /r 1 3:0  
0 1 1 1 1 /44 2 773 778 1169 1174 /44 2 1169 1174 1170 1175 /r 1 3:0 0 1 1 1 1 /
 
44 2 778 783 1174 1179 /44 2 1174 1179 1175 1180 /r 1 3:0 0 1 1 1 1 /44 2 783  
69 1179 1184 /44 2 1179 1184 1180 1185 /r 1 2:0 0 1 1 1 1 /44 2 1182 1187 1183  
78 /44 1 82 1040 1188 1192 /44 1 1188 1192 1189 1193 /r 1 2:0 0 1 1 1 1 /44 1  
1191 1195 91 1196 /44 1 1040 1045 1192 1197 /44 1 1192 1197 1193 1198 /r 1 3:0  
0 1 1 1 1 /44 1 1045 1050 1197 1202 /44 1 1197 1202 1198 1203 /r 1 3:0 0 1 1 1  
1 /44 1 1050 1055 1202 1207 /44 1 1202 1207 1203 1208 /r 1 3:0 0 1 1 1 1 /44 1  
1055 88 1207 1212 /44 1 1207 1212 1208 1213 /r 1 2:0 0 1 1 1 1 /44 1 1210 1215  
1211 86 /44 1 91 1196 1216 1220 /44 1 1216 1220 1217 1221 /r 1 2:0 0 1 1 1 1 / 
44 1 1219 1223 92 1224 /44 1 1196 1201 1220 1225 /44 1 1220 1225 1221 1226 /r 1 
 
3:0 0 1 1 1 1 /44 1 1201 1206 1225 1230 /44 1 1225 1230 1226 1231 /r 1 3:0 0 1  
1 1 1 /44 1 1206 1211 1230 1235 /44 1 1230 1235 1231 1236 /r 1 3:0 0 1 1 1 1 / 
44 1 1211 86 1235 1144 /44 1 1235 1144 1236 1149 /r 1 2:0 0 1 5 1 5 /44 1 1238  
1159 1239 90 /44 1 92 1224 1240 1244 /44 1 1240 1244 1241 1245 /r 1 2:0 0 1 1 1 
 
1 /44 1 1243 1247 93 1248 /44 1 1224 1229 1244 1249 /44 1 1244 1249 1245 1250 / 
r 1 3:0 0 1 1 1 1 /44 1 1229 1234 1249 1254 /44 1 1249 1254 1250 1255 /r 1 3:0  
0 1 1 1 1 /44 1 1234 1239 1254 1259 /44 1 1254 1259 1255 1260 /r 1 3:0 0 1 1 1  
1 /44 1 1239 90 1259 1168 /44 1 1259 1168 1260 1173 /r 1 2:0 0 1 5 1 5 /44 1  
1262 1183 1263 87 /44 1 93 1248 1264 1268 /44 1 1264 1268 1265 1269 /r 1 2:0 0  
1 1 1 1 /44 1 1267 1271 94 1272 /44 1 1248 1253 1268 1273 /44 1 1268 1273 1269  
1274 /r 1 3:0 0 1 1 1 1 /44 1 1253 1258 1273 1278 /44 1 1273 1278 1274 1279 /r  
1 3:0 0 1 1 1 1 /44 1 1258 1263 1278 1283 /44 1 1278 1283 1279 1284 /r 1 3:0 0  
1 1 1 1 /44 1 1263 87 1283 1288 /44 1 1283 1288 1284 1289 /r 1 2:0 0 1 1 1 1 / 
44 1 1286 1291 1287 95 /44 1 94 1272 1292 1296 /44 1 1292 1296 1293 1297 /r 1 2:
 
0 0 1 1 1 1 /44 1 1295 1299 85 1131 /44 1 1272 1277 1296 1300 /44 1 1296 1300  
1297 1301 /r 1 2:0 0 1 1 1 1 /44 1 1299 1303 1131 1126 /44 1 1277 1282 1300  
1304 /44 1 1300 1304 1301 1305 /r 1 2:0 0 1 1 1 1 /44 1 1303 1307 1126 1121 /44 
 
1 1282 1287 1304 1308 /44 1 1304 1308 1305 1309 /r 1 2:0 0 1 1 1 1 /44 1 1307  
1311 1121 1116 /44 1 1287 95 1308 1312 /44 1 1308 1312 1309 1313 /r 1 2:0 0 1 1 
 
1 1 /44 1 1311 1315 1116 89 /44 1 88 1064 1212 1316 /44 1 1212 1316 1213 1317 / 
r 1 2:0 0 1 1 1 1 /44 1 1215 1319 86 1320 /44 1 1064 1069 1316 1321 /44 1 1316  
1321 1317 1322 /r 1 3:0 0 1 1 1 1 /44 1 1069 1074 1321 1326 /44 1 1321 1326  
1322 1327 /r 1 3:0 0 1 1 1 1 /44 1 1074 1079 1326 1331 /44 1 1326 1331 1327  
1332 /r 1 3:0 0 1 1 1 1 /44 1 1079 83 1331 1336 /44 1 1331 1336 1332 1337 /r 1  
2:0 0 1 1 1 1 /44 1 1334 1339 1335 96 /44 1 86 1320 1144 1340 /44 1 1144 1340  
1149 1341 /r 1 2:0 0 5 1 5 1 /44 1 1159 1343 90 1344 /44 1 1320 1325 1340 1345 /
 
44 1 1340 1345 1341 1346 /r 1 3:0 0 1 1 1 1 /44 1 1325 1330 1345 1350 /44 1  
1345 1350 1346 1351 /r 1 3:0 0 1 1 1 1 /44 1 1330 1335 1350 1355 /44 1 1350  
1355 1351 1356 /r 1 3:0 0 1 1 1 1 /44 1 1335 96 1355 1360 /44 1 1355 1360 1356  
1361 /r 1 2:0 0 1 1 1 1 /44 1 1358 1363 1359 97 /44 1 90 1344 1168 1364 /44 1  
1168 1364 1173 1365 /r 1 2:0 0 5 1 5 1 /44 1 1183 1367 87 1368 /44 1 1344 1349  
1364 1369 /44 1 1364 1369 1365 1370 /r 1 3:0 0 1 1 1 1 /44 1 1349 1354 1369  
1374 /44 1 1369 1374 1370 1375 /r 1 3:0 0 1 1 1 1 /44 1 1354 1359 1374 1379 /44 
 
1 1374 1379 1375 1380 /r 1 3:0 0 1 1 1 1 /44 1 1359 97 1379 1384 /44 1 1379  
1384 1380 1385 /r 1 2:0 0 1 1 1 1 /44 1 1382 1387 1383 98 /44 1 87 1368 1288  
1388 /44 1 1288 1388 1289 1389 /r 1 2:0 0 1 1 1 1 /44 1 1291 1391 95 1392 /44 1 
 
1368 1373 1388 1393 /44 1 1388 1393 1389 1394 /r 1 3:0 0 1 1 1 1 /44 1 1373  
1378 1393 1398 /44 1 1393 1398 1394 1399 /r 1 3:0 0 1 1 1 1 /44 1 1378 1383  
1398 1403 /44 1 1398 1403 1399 1404 /r 1 3:0 0 1 1 1 1 /44 1 1383 98 1403 1408 /
 
44 1 1403 1408 1404 1409 /r 1 2:0 0 1 1 1 1 /44 1 1406 1411 1407 99 /44 1 95  
1392 1312 1412 /44 1 1312 1412 1313 1413 /r 1 2:0 0 1 1 1 1 /44 1 1315 1415 89  
1107 /44 1 1392 1397 1412 1416 /44 1 1412 1416 1413 1417 /r 1 2:0 0 1 1 1 1 /44 
 
1 1415 1419 1107 1102 /44 1 1397 1402 1416 1420 /44 1 1416 1420 1417 1421 /r 1  
2:0 0 1 1 1 1 /44 1 1419 1423 1102 1097 /44 1 1402 1407 1420 1424 /44 1 1420  
1424 1421 1425 /r 1 2:0 0 1 1 1 1 /44 1 1423 1427 1097 1092 /44 1 1407 99 1424  
1428 /44 1 1424 1428 1425 1429 /r 1 2:0 0 1 1 1 1 /44 1 1427 1431 1092 84 /44 3 
 
100 1040 1432 1436 /44 3 1432 1436 1433 1437 /r 1 2:0 0 1 1 1 1 /44 3 1435 1439 
 
109 1440 /44 3 1040 1045 1436 1441 /44 3 1436 1441 1437 1442 /r 1 3:0 0 1 1 1 1 
/44 3 1045 1050 1441 1446 /44 3 1441 1446 1442 1447 /r 1 3:0 0 1 1 1 1 /44 3  
1050 1055 1446 1451 /44 3 1446 1451 1447 1452 /r 1 3:0 0 1 1 1 1 /44 3 1055 106 
 
1451 1456 /44 3 1451 1456 1452 1457 /r 1 2:0 0 1 1 1 1 /44 3 1454 1459 1455 115 
/44 3 106 1064 1456 1460 /44 3 1456 1460 1457 1461 /r 1 2:0 0 1 1 1 1 /44 3  
1459 1463 115 1464 /44 3 1064 1069 1460 1465 /44 3 1460 1465 1461 1466 /r 1 3:0 
 
0 1 1 1 1 /44 3 1069 1074 1465 1470 /44 3 1465 1470 1466 1471 /r 1 3:0 0 1 1 1  
1 /44 3 1074 1079 1470 1475 /44 3 1470 1475 1471 1476 /r 1 3:0 0 1 1 1 1 /44 3  
1079 101 1475 1480 /44 3 1475 1480 1476 1481 /r 1 2:0 0 1 1 1 1 /44 3 1478 1483 
 
1479 110 /44 3 102 1092 1484 1488 /44 3 1484 1488 1485 1489 /r 1 2:0 0 1 1 1 1 /
 
44 3 1487 1491 111 1492 /44 3 1092 1097 1488 1493 /44 3 1488 1493 1489 1494 /r  
1 3:0 0 1 1 1 1 /44 3 1097 1102 1493 1498 /44 3 1493 1498 1494 1499 /r 1 3:0 0  
1 1 1 1 /44 3 1102 1107 1498 1503 /44 3 1498 1503 1499 1504 /r 1 3:0 0 1 1 1 1 /
 
44 3 1107 107 1503 1508 /44 3 1503 1508 1504 1509 /r 1 2:0 0 1 1 1 1 /44 3 1506 
 
1511 1507 116 /44 3 107 1116 1508 1512 /44 3 1508 1512 1509 1513 /r 1 2:0 0 1 1 
 
1 1 /44 3 1511 1515 116 1516 /44 3 1116 1121 1512 1517 /44 3 1512 1517 1513  
1518 /r 1 3:0 0 1 1 1 1 /44 3 1121 1126 1517 1522 /44 3 1517 1522 1518 1523 /r  
1 3:0 0 1 1 1 1 /44 3 1126 1131 1522 1527 /44 3 1522 1527 1523 1528 /r 1 3:0 0  
1 1 1 1 /44 3 1131 103 1527 1532 /44 3 1527 1532 1528 1533 /r 1 2:0 0 1 1 1 1 / 
44 3 1530 1535 1531 112 /44 2 104 1144 1536 1540 /44 2 1536 1540 1537 1541 /r 1 
 
2:0 0 1 1 1 1 /44 2 1539 1543 113 1544 /44 2 1144 1149 1540 1545 /44 2 1540  
1545 1541 1546 /r 1 3:0 0 1 1 1 1 /44 2 1149 1154 1545 1550 /44 2 1545 1550  
1546 1551 /r 1 3:0 0 1 1 1 1 /44 2 1154 1159 1550 1555 /44 2 1550 1555 1551  
1556 /r 1 3:0 0 1 1 1 1 /44 2 1159 108 1555 1560 /44 2 1555 1560 1556 1561 /r 1 
 
2:0 0 1 1 1 1 /44 2 1558 1563 1559 117 /44 2 108 1168 1560 1564 /44 2 1560 1564 
 
1561 1565 /r 1 2:0 0 1 1 1 1 /44 2 1563 1567 117 1568 /44 2 1168 1173 1564 1569 
/44 2 1564 1569 1565 1570 /r 1 3:0 0 1 1 1 1 /44 2 1173 1178 1569 1574 /44 2  
1569 1574 1570 1575 /r 1 3:0 0 1 1 1 1 /44 2 1178 1183 1574 1579 /44 2 1574  
1579 1575 1580 /r 1 3:0 0 1 1 1 1 /44 2 1183 105 1579 1584 /44 2 1579 1584 1580 
 
1585 /r 1 2:0 0 1 1 1 1 /44 2 1582 1587 1583 114 /44 1 118 1440 1588 1592 /44 1 
 
1588 1592 1589 1593 /r 1 2:0 0 1 1 1 1 /44 1 1591 1595 127 1596 /44 1 1440 1445 
 
1592 1597 /44 1 1592 1597 1593 1598 /r 1 3:0 0 1 1 1 1 /44 1 1445 1450 1597  
1602 /44 1 1597 1602 1598 1603 /r 1 3:0 0 1 1 1 1 /44 1 1450 1455 1602 1607 /44 
 
1 1602 1607 1603 1608 /r 1 3:0 0 1 1 1 1 /44 1 1455 124 1607 1612 /44 1 1607  
1612 1608 1613 /r 1 2:0 0 1 1 1 1 /44 1 1610 1615 1611 122 /44 1 127 1596 1616  
1620 /44 1 1616 1620 1617 1621 /r 1 2:0 0 1 1 1 1 /44 1 1619 1623 128 1624 /44  
1 1596 1601 1620 1625 /44 1 1620 1625 1621 1626 /r 1 3:0 0 1 1 1 1 /44 1 1601  
1606 1625 1630 /44 1 1625 1630 1626 1631 /r 1 3:0 0 1 1 1 1 /44 1 1606 1611  
1630 1635 /44 1 1630 1635 1631 1636 /r 1 3:0 0 1 1 1 1 /44 1 1611 122 1635 1544 
/44 1 1635 1544 1636 1549 /r 1 2:0 0 1 5 1 5 /44 1 1638 1559 1639 126 /44 1 128 
 
1624 1640 1644 /44 1 1640 1644 1641 1645 /r 1 2:0 0 1 1 1 1 /44 1 1643 1647 129 
 
1648 /44 1 1624 1629 1644 1649 /44 1 1644 1649 1645 1650 /r 1 3:0 0 1 1 1 1 /44 
 
1 1629 1634 1649 1654 /44 1 1649 1654 1650 1655 /r 1 3:0 0 1 1 1 1 /44 1 1634  
1639 1654 1659 /44 1 1654 1659 1655 1660 /r 1 3:0 0 1 1 1 1 /44 1 1639 126 1659 
 
1568 /44 1 1659 1568 1660 1573 /r 1 2:0 0 1 5 1 5 /44 1 1662 1583 1663 123 /44  
1 129 1648 1664 1668 /44 1 1664 1668 1665 1669 /r 1 2:0 0 1 1 1 1 /44 1 1667  
1671 130 1672 /44 1 1648 1653 1668 1673 /44 1 1668 1673 1669 1674 /r 1 3:0 0 1  
1 1 1 /44 1 1653 1658 1673 1678 /44 1 1673 1678 1674 1679 /r 1 3:0 0 1 1 1 1 / 
44 1 1658 1663 1678 1683 /44 1 1678 1683 1679 1684 /r 1 3:0 0 1 1 1 1 /44 1  
1663 123 1683 1688 /44 1 1683 1688 1684 1689 /r 1 2:0 0 1 1 1 1 /44 1 1686 1691 
 
1687 131 /44 1 130 1672 1692 1696 /44 1 1692 1696 1693 1697 /r 1 2:0 0 1 1 1 1 /
 
44 1 1695 1699 121 1531 /44 1 1672 1677 1696 1700 /44 1 1696 1700 1697 1701 /r  
1 2:0 0 1 1 1 1 /44 1 1699 1703 1531 1526 /44 1 1677 1682 1700 1704 /44 1 1700  
1704 1701 1705 /r 1 2:0 0 1 1 1 1 /44 1 1703 1707 1526 1521 /44 1 1682 1687  
1704 1708 /44 1 1704 1708 1705 1709 /r 1 2:0 0 1 1 1 1 /44 1 1707 1711 1521  
1516 /44 1 1687 131 1708 1712 /44 1 1708 1712 1709 1713 /r 1 2:0 0 1 1 1 1 /44  
1 1711 1715 1516 125 /44 1 124 1464 1612 1716 /44 1 1612 1716 1613 1717 /r 1 2: 
0 0 1 1 1 1 /44 1 1615 1719 122 1720 /44 1 1464 1469 1716 1721 /44 1 1716 1721  
1717 1722 /r 1 3:0 0 1 1 1 1 /44 1 1469 1474 1721 1726 /44 1 1721 1726 1722  
1727 /r 1 3:0 0 1 1 1 1 /44 1 1474 1479 1726 1731 /44 1 1726 1731 1727 1732 /r  
1 3:0 0 1 1 1 1 /44 1 1479 119 1731 1736 /44 1 1731 1736 1732 1737 /r 1 2:0 0 1 
 
1 1 1 /44 1 1734 1739 1735 132 /44 1 122 1720 1544 1740 /44 1 1544 1740 1549  
1741 /r 1 2:0 0 5 1 5 1 /44 1 1559 1743 126 1744 /44 1 1720 1725 1740 1745 /44  
1 1740 1745 1741 1746 /r 1 3:0 0 1 1 1 1 /44 1 1725 1730 1745 1750 /44 1 1745  
1750 1746 1751 /r 1 3:0 0 1 1 1 1 /44 1 1730 1735 1750 1755 /44 1 1750 1755  
1751 1756 /r 1 3:0 0 1 1 1 1 /44 1 1735 132 1755 1760 /44 1 1755 1760 1756 1761 
/r 1 2:0 0 1 1 1 1 /44 1 1758 1763 1759 133 /44 1 126 1744 1568 1764 /44 1 1568 
 
1764 1573 1765 /r 1 2:0 0 5 1 5 1 /44 1 1583 1767 123 1768 /44 1 1744 1749 1764 
 
1769 /44 1 1764 1769 1765 1770 /r 1 3:0 0 1 1 1 1 /44 1 1749 1754 1769 1774 /44 
 
1 1769 1774 1770 1775 /r 1 3:0 0 1 1 1 1 /44 1 1754 1759 1774 1779 /44 1 1774  
1779 1775 1780 /r 1 3:0 0 1 1 1 1 /44 1 1759 133 1779 1784 /44 1 1779 1784 1780 
 
1785 /r 1 2:0 0 1 1 1 1 /44 1 1782 1787 1783 134 /44 1 123 1768 1688 1788 /44 1 
 
1688 1788 1689 1789 /r 1 2:0 0 1 1 1 1 /44 1 1691 1791 131 1792 /44 1 1768 1773 
 
1788 1793 /44 1 1788 1793 1789 1794 /r 1 3:0 0 1 1 1 1 /44 1 1773 1778 1793  
1798 /44 1 1793 1798 1794 1799 /r 1 3:0 0 1 1 1 1 /44 1 1778 1783 1798 1803 /44 
 
1 1798 1803 1799 1804 /r 1 3:0 0 1 1 1 1 /44 1 1783 134 1803 1808 /44 1 1803  
1808 1804 1809 /r 1 2:0 0 1 1 1 1 /44 1 1806 1811 1807 135 /44 1 131 1792 1712  
1812 /44 1 1712 1812 1713 1813 /r 1 2:0 0 1 1 1 1 /44 1 1715 1815 125 1507 /44  
1 1792 1797 1812 1816 /44 1 1812 1816 1813 1817 /r 1 2:0 0 1 1 1 1 /44 1 1815  
1819 1507 1502 /44 1 1797 1802 1816 1820 /44 1 1816 1820 1817 1821 /r 1 2:0 0 1 
 
1 1 1 /44 1 1819 1823 1502 1497 /44 1 1802 1807 1820 1824 /44 1 1820 1824 1821  
1825 /r 1 2:0 0 1 1 1 1 /44 1 1823 1827 1497 1492 /44 1 1807 135 1824 1828 /44  
1 1824 1828 1825 1829 /r 1 2:0 0 1 1 1 1 /44 1 1827 1831 1492 120 /44 3 136  
1440 1832 1836 /44 3 1832 1836 1833 1837 /r 1 2:0 0 1 1 1 1 /44 3 1835 1839 145 
 
1840 /44 3 1440 1445 1836 1841 /44 3 1836 1841 1837 1842 /r 1 3:0 0 1 1 1 1 /44 
 
3 1445 1450 1841 1846 /44 3 1841 1846 1842 1847 /r 1 3:0 0 1 1 1 1 /44 3 1450  
1455 1846 1851 /44 3 1846 1851 1847 1852 /r 1 3:0 0 1 1 1 1 /44 3 1455 142 1851 
 
1856 /44 3 1851 1856 1852 1857 /r 1 2:0 0 1 1 1 1 /44 3 1854 1859 1855 151 /44  
3 142 1464 1856 1860 /44 3 1856 1860 1857 1861 /r 1 2:0 0 1 1 1 1 /44 3 1859  
1863 151 1864 /44 3 1464 1469 1860 1865 /44 3 1860 1865 1861 1866 /r 1 3:0 0 1  
1 1 1 /44 3 1469 1474 1865 1870 /44 3 1865 1870 1866 1871 /r 1 3:0 0 1 1 1 1 / 
44 3 1474 1479 1870 1875 /44 3 1870 1875 1871 1876 /r 1 3:0 0 1 1 1 1 /44 3  
1479 137 1875 1880 /44 3 1875 1880 1876 1881 /r 1 2:0 0 1 1 1 1 /44 3 1878 1883 
 
1879 146 /44 3 138 1492 1884 1888 /44 3 1884 1888 1885 1889 /r 1 2:0 0 1 1 1 1 /
 
44 3 1887 1891 147 1892 /44 3 1492 1497 1888 1893 /44 3 1888 1893 1889 1894 /r  
1 3:0 0 1 1 1 1 /44 3 1497 1502 1893 1898 /44 3 1893 1898 1894 1899 /r 1 3:0 0  
1 1 1 1 /44 3 1502 1507 1898 1903 /44 3 1898 1903 1899 1904 /r 1 3:0 0 1 1 1 1 /
 
44 3 1507 143 1903 1908 /44 3 1903 1908 1904 1909 /r 1 2:0 0 1 1 1 1 /44 3 1906 
 
1911 1907 152 /44 3 143 1516 1908 1912 /44 3 1908 1912 1909 1913 /r 1 2:0 0 1 1 
 
1 1 /44 3 1911 1915 152 1916 /44 3 1516 1521 1912 1917 /44 3 1912 1917 1913  
1918 /r 1 3:0 0 1 1 1 1 /44 3 1521 1526 1917 1922 /44 3 1917 1922 1918 1923 /r  
1 3:0 0 1 1 1 1 /44 3 1526 1531 1922 1927 /44 3 1922 1927 1923 1928 /r 1 3:0 0  
1 1 1 1 /44 3 1531 139 1927 1932 /44 3 1927 1932 1928 1933 /r 1 2:0 0 1 1 1 1 / 
44 3 1930 1935 1931 148 /44 2 140 1544 1936 1940 /44 2 1936 1940 1937 1941 /r 1 
 
2:0 0 1 1 1 1 /44 2 1939 1943 149 1944 /44 2 1544 1549 1940 1945 /44 2 1940  
1945 1941 1946 /r 1 3:0 0 1 1 1 1 /44 2 1549 1554 1945 1950 /44 2 1945 1950  
1946 1951 /r 1 3:0 0 1 1 1 1 /44 2 1554 1559 1950 1955 /44 2 1950 1955 1951  
1956 /r 1 3:0 0 1 1 1 1 /44 2 1559 144 1955 1960 /44 2 1955 1960 1956 1961 /r 1 
 
2:0 0 1 1 1 1 /44 2 1958 1963 1959 153 /44 2 144 1568 1960 1964 /44 2 1960 1964 
 
1961 1965 /r 1 2:0 0 1 1 1 1 /44 2 1963 1967 153 1968 /44 2 1568 1573 1964 1969 
/44 2 1964 1969 1965 1970 /r 1 3:0 0 1 1 1 1 /44 2 1573 1578 1969 1974 /44 2  
1969 1974 1970 1975 /r 1 3:0 0 1 1 1 1 /44 2 1578 1583 1974 1979 /44 2 1974  
1979 1975 1980 /r 1 3:0 0 1 1 1 1 /44 2 1583 141 1979 1984 /44 2 1979 1984 1980 
 
1985 /r 1 2:0 0 1 1 1 1 /44 2 1982 1987 1983 150 /44 1 154 1840 1988 1992 /44 1 
 
1988 1992 1989 1993 /r 1 2:0 0 1 1 1 1 /44 1 1991 1995 163 1996 /44 1 1840 1845 
 
1992 1997 /44 1 1992 1997 1993 1998 /r 1 3:0 0 1 1 1 1 /44 1 1845 1850 1997  
2002 /44 1 1997 2002 1998 2003 /r 1 3:0 0 1 1 1 1 /44 1 1850 1855 2002 2007 /44 
 
1 2002 2007 2003 2008 /r 1 3:0 0 1 1 1 1 /44 1 1855 160 2007 2012 /44 1 2007  
2012 2008 2013 /r 1 2:0 0 1 1 1 1 /44 1 2010 2015 2011 158 /44 1 163 1996 2016  
2020 /44 1 2016 2020 2017 2021 /r 1 2:0 0 1 1 1 1 /44 1 2019 2023 164 2024 /44  
1 1996 2001 2020 2025 /44 1 2020 2025 2021 2026 /r 1 3:0 0 1 1 1 1 /44 1 2001  
2006 2025 2030 /44 1 2025 2030 2026 2031 /r 1 3:0 0 1 1 1 1 /44 1 2006 2011  
2030 2035 /44 1 2030 2035 2031 2036 /r 1 3:0 0 1 1 1 1 /44 1 2011 158 2035 1944 
/44 1 2035 1944 2036 1949 /r 1 2:0 0 1 5 1 5 /44 1 2038 1959 2039 162 /44 1 164 
 
2024 2040 2044 /44 1 2040 2044 2041 2045 /r 1 2:0 0 1 1 1 1 /44 1 2043 2047 165 
 
2048 /44 1 2024 2029 2044 2049 /44 1 2044 2049 2045 2050 /r 1 3:0 0 1 1 1 1 /44 
 
1 2029 2034 2049 2054 /44 1 2049 2054 2050 2055 /r 1 3:0 0 1 1 1 1 /44 1 2034  
2039 2054 2059 /44 1 2054 2059 2055 2060 /r 1 3:0 0 1 1 1 1 /44 1 2039 162 2059 
 
1968 /44 1 2059 1968 2060 1973 /r 1 2:0 0 1 5 1 5 /44 1 2062 1983 2063 159 /44  
1 165 2048 2064 2068 /44 1 2064 2068 2065 2069 /r 1 2:0 0 1 1 1 1 /44 1 2067  
2071 166 2072 /44 1 2048 2053 2068 2073 /44 1 2068 2073 2069 2074 /r 1 3:0 0 1  
1 1 1 /44 1 2053 2058 2073 2078 /44 1 2073 2078 2074 2079 /r 1 3:0 0 1 1 1 1 / 
44 1 2058 2063 2078 2083 /44 1 2078 2083 2079 2084 /r 1 3:0 0 1 1 1 1 /44 1  
2063 159 2083 2088 /44 1 2083 2088 2084 2089 /r 1 2:0 0 1 1 1 1 /44 1 2086 2091 
 
2087 167 /44 1 166 2072 2092 2096 /44 1 2092 2096 2093 2097 /r 1 2:0 0 1 1 1 1 /
 
44 1 2095 2099 157 1931 /44 1 2072 2077 2096 2100 /44 1 2096 2100 2097 2101 /r  
1 2:0 0 1 1 1 1 /44 1 2099 2103 1931 1926 /44 1 2077 2082 2100 2104 /44 1 2100  
2104 2101 2105 /r 1 2:0 0 1 1 1 1 /44 1 2103 2107 1926 1921 /44 1 2082 2087  
2104 2108 /44 1 2104 2108 2105 2109 /r 1 2:0 0 1 1 1 1 /44 1 2107 2111 1921  
1916 /44 1 2087 167 2108 2112 /44 1 2108 2112 2109 2113 /r 1 2:0 0 1 1 1 1 /44  
1 2111 2115 1916 161 /44 1 160 1864 2012 2116 /44 1 2012 2116 2013 2117 /r 1 2: 
0 0 1 1 1 1 /44 1 2015 2119 158 2120 /44 1 1864 1869 2116 2121 /44 1 2116 2121  
2117 2122 /r 1 3:0 0 1 1 1 1 /44 1 1869 1874 2121 2126 /44 1 2121 2126 2122  
2127 /r 1 3:0 0 1 1 1 1 /44 1 1874 1879 2126 2131 /44 1 2126 2131 2127 2132 /r  
1 3:0 0 1 1 1 1 /44 1 1879 155 2131 2136 /44 1 2131 2136 2132 2137 /r 1 2:0 0 1 
 
1 1 1 /44 1 2134 2139 2135 168 /44 1 158 2120 1944 2140 /44 1 1944 2140 1949  
2141 /r 1 2:0 0 5 1 5 1 /44 1 1959 2143 162 2144 /44 1 2120 2125 2140 2145 /44  
1 2140 2145 2141 2146 /r 1 3:0 0 1 1 1 1 /44 1 2125 2130 2145 2150 /44 1 2145  
2150 2146 2151 /r 1 3:0 0 1 1 1 1 /44 1 2130 2135 2150 2155 /44 1 2150 2155  
2151 2156 /r 1 3:0 0 1 1 1 1 /44 1 2135 168 2155 2160 /44 1 2155 2160 2156 2161 
/r 1 2:0 0 1 1 1 1 /44 1 2158 2163 2159 169 /44 1 162 2144 1968 2164 /44 1 1968 
 
2164 1973 2165 /r 1 2:0 0 5 1 5 1 /44 1 1983 2167 159 2168 /44 1 2144 2149 2164 
 
2169 /44 1 2164 2169 2165 2170 /r 1 3:0 0 1 1 1 1 /44 1 2149 2154 2169 2174 /44 
 
1 2169 2174 2170 2175 /r 1 3:0 0 1 1 1 1 /44 1 2154 2159 2174 2179 /44 1 2174  
2179 2175 2180 /r 1 3:0 0 1 1 1 1 /44 1 2159 169 2179 2184 /44 1 2179 2184 2180 
 
2185 /r 1 2:0 0 1 1 1 1 /44 1 2182 2187 2183 170 /44 1 159 2168 2088 2188 /44 1 
 
2088 2188 2089 2189 /r 1 2:0 0 1 1 1 1 /44 1 2091 2191 167 2192 /44 1 2168 2173 
 
2188 2193 /44 1 2188 2193 2189 2194 /r 1 3:0 0 1 1 1 1 /44 1 2173 2178 2193  
2198 /44 1 2193 2198 2194 2199 /r 1 3:0 0 1 1 1 1 /44 1 2178 2183 2198 2203 /44 
 
1 2198 2203 2199 2204 /r 1 3:0 0 1 1 1 1 /44 1 2183 170 2203 2208 /44 1 2203  
2208 2204 2209 /r 1 2:0 0 1 1 1 1 /44 1 2206 2211 2207 171 /44 1 167 2192 2112  
2212 /44 1 2112 2212 2113 2213 /r 1 2:0 0 1 1 1 1 /44 1 2115 2215 161 1907 /44  
1 2192 2197 2212 2216 /44 1 2212 2216 2213 2217 /r 1 2:0 0 1 1 1 1 /44 1 2215  
2219 1907 1902 /44 1 2197 2202 2216 2220 /44 1 2216 2220 2217 2221 /r 1 2:0 0 1 
 
1 1 1 /44 1 2219 2223 1902 1897 /44 1 2202 2207 2220 2224 /44 1 2220 2224 2221  
2225 /r 1 2:0 0 1 1 1 1 /44 1 2223 2227 1897 1892 /44 1 2207 171 2224 2228 /44  
1 2224 2228 2225 2229 /r 1 2:0 0 1 1 1 1 /44 1 2227 2231 1892 156 /44 3 172  
1840 2232 2236 /44 3 2232 2236 2233 2237 /r 1 2:0 0 1 1 1 1 /44 3 2235 2239 181 
 
2240 /44 3 1840 1845 2236 2241 /44 3 2236 2241 2237 2242 /r 1 3:0 0 1 1 1 1 /44 
 
3 1845 1850 2241 2246 /44 3 2241 2246 2242 2247 /r 1 3:0 0 1 1 1 1 /44 3 1850  
1855 2246 2251 /44 3 2246 2251 2247 2252 /r 1 3:0 0 1 1 1 1 /44 3 1855 178 2251 
 
2256 /44 3 2251 2256 2252 2257 /r 1 2:0 0 1 1 1 1 /44 3 2254 2259 2255 187 /44  
3 178 1864 2256 2260 /44 3 2256 2260 2257 2261 /r 1 2:0 0 1 1 1 1 /44 3 2259  
2263 187 2264 /44 3 1864 1869 2260 2265 /44 3 2260 2265 2261 2266 /r 1 3:0 0 1  
1 1 1 /44 3 1869 1874 2265 2270 /44 3 2265 2270 2266 2271 /r 1 3:0 0 1 1 1 1 / 
44 3 1874 1879 2270 2275 /44 3 2270 2275 2271 2276 /r 1 3:0 0 1 1 1 1 /44 3  
1879 173 2275 2280 /44 3 2275 2280 2276 2281 /r 1 2:0 0 1 1 1 1 /44 3 2278 2283 
 
2279 182 /44 3 174 1892 2284 2288 /44 3 2284 2288 2285 2289 /r 1 2:0 0 1 1 1 1 /
 
44 3 2287 2291 183 2292 /44 3 1892 1897 2288 2293 /44 3 2288 2293 2289 2294 /r  
1 3:0 0 1 1 1 1 /44 3 1897 1902 2293 2298 /44 3 2293 2298 2294 2299 /r 1 3:0 0  
1 1 1 1 /44 3 1902 1907 2298 2303 /44 3 2298 2303 2299 2304 /r 1 3:0 0 1 1 1 1 /
 
44 3 1907 179 2303 2308 /44 3 2303 2308 2304 2309 /r 1 2:0 0 1 1 1 1 /44 3 2306 
 
2311 2307 188 /44 3 179 1916 2308 2312 /44 3 2308 2312 2309 2313 /r 1 2:0 0 1 1 
 
1 1 /44 3 2311 2315 188 2316 /44 3 1916 1921 2312 2317 /44 3 2312 2317 2313  
2318 /r 1 3:0 0 1 1 1 1 /44 3 1921 1926 2317 2322 /44 3 2317 2322 2318 2323 /r  
1 3:0 0 1 1 1 1 /44 3 1926 1931 2322 2327 /44 3 2322 2327 2323 2328 /r 1 3:0 0  
1 1 1 1 /44 3 1931 175 2327 2332 /44 3 2327 2332 2328 2333 /r 1 2:0 0 1 1 1 1 / 
44 3 2330 2335 2331 184 /44 2 176 1944 2336 2340 /44 2 2336 2340 2337 2341 /r 1 
 
2:0 0 1 1 1 1 /44 2 2339 2343 185 2344 /44 2 1944 1949 2340 2345 /44 2 2340  
2345 2341 2346 /r 1 3:0 0 1 1 1 1 /44 2 1949 1954 2345 2350 /44 2 2345 2350  
2346 2351 /r 1 3:0 0 1 1 1 1 /44 2 1954 1959 2350 2355 /44 2 2350 2355 2351  
2356 /r 1 3:0 0 1 1 1 1 /44 2 1959 180 2355 2360 /44 2 2355 2360 2356 2361 /r 1 
 
2:0 0 1 1 1 1 /44 2 2358 2363 2359 189 /44 2 180 1968 2360 2364 /44 2 2360 2364 
 
2361 2365 /r 1 2:0 0 1 1 1 1 /44 2 2363 2367 189 2368 /44 2 1968 1973 2364 2369 
/44 2 2364 2369 2365 2370 /r 1 3:0 0 1 1 1 1 /44 2 1973 1978 2369 2374 /44 2  
2369 2374 2370 2375 /r 1 3:0 0 1 1 1 1 /44 2 1978 1983 2374 2379 /44 2 2374  
2379 2375 2380 /r 1 3:0 0 1 1 1 1 /44 2 1983 177 2379 2384 /44 2 2379 2384 2380 
 
2385 /r 1 2:0 0 1 1 1 1 /44 2 2382 2387 2383 186 /44 1 190 2240 2388 2392 /44 1 
 
2388 2392 2389 2393 /r 1 2:0 0 1 1 1 1 /44 1 2391 2395 199 2396 /44 1 2240 2245 
 
2392 2397 /44 1 2392 2397 2393 2398 /r 1 3:0 0 1 1 1 1 /44 1 2245 2250 2397  
2402 /44 1 2397 2402 2398 2403 /r 1 3:0 0 1 1 1 1 /44 1 2250 2255 2402 2407 /44 
 
1 2402 2407 2403 2408 /r 1 3:0 0 1 1 1 1 /44 1 2255 196 2407 2412 /44 1 2407  
2412 2408 2413 /r 1 2:0 0 1 1 1 1 /44 1 2410 2415 2411 194 /44 1 199 2396 2416  
2420 /44 1 2416 2420 2417 2421 /r 1 2:0 0 1 1 1 1 /44 1 2419 2423 200 2424 /44  
1 2396 2401 2420 2425 /44 1 2420 2425 2421 2426 /r 1 3:0 0 1 1 1 1 /44 1 2401  
2406 2425 2430 /44 1 2425 2430 2426 2431 /r 1 3:0 0 1 1 1 1 /44 1 2406 2411  
2430 2435 /44 1 2430 2435 2431 2436 /r 1 3:0 0 1 1 1 1 /44 1 2411 194 2435 2344 
/44 1 2435 2344 2436 2349 /r 1 2:0 0 1 5 1 5 /44 1 2438 2359 2439 198 /44 1 200 
 
2424 2440 2444 /44 1 2440 2444 2441 2445 /r 1 2:0 0 1 1 1 1 /44 1 2443 2447 201 
 
2448 /44 1 2424 2429 2444 2449 /44 1 2444 2449 2445 2450 /r 1 3:0 0 1 1 1 1 /44 
 
1 2429 2434 2449 2454 /44 1 2449 2454 2450 2455 /r 1 3:0 0 1 1 1 1 /44 1 2434  
2439 2454 2459 /44 1 2454 2459 2455 2460 /r 1 3:0 0 1 1 1 1 /44 1 2439 198 2459 
 
2368 /44 1 2459 2368 2460 2373 /r 1 2:0 0 1 5 1 5 /44 1 2462 2383 2463 195 /44  
1 201 2448 2464 2468 /44 1 2464 2468 2465 2469 /r 1 2:0 0 1 1 1 1 /44 1 2467  
2471 202 2472 /44 1 2448 2453 2468 2473 /44 1 2468 2473 2469 2474 /r 1 3:0 0 1  
1 1 1 /44 1 2453 2458 2473 2478 /44 1 2473 2478 2474 2479 /r 1 3:0 0 1 1 1 1 / 
44 1 2458 2463 2478 2483 /44 1 2478 2483 2479 2484 /r 1 3:0 0 1 1 1 1 /44 1  
2463 195 2483 2488 /44 1 2483 2488 2484 2489 /r 1 2:0 0 1 1 1 1 /44 1 2486 2491 
 
2487 203 /44 1 202 2472 2492 2496 /44 1 2492 2496 2493 2497 /r 1 2:0 0 1 1 1 1 /
 
44 1 2495 2499 193 2331 /44 1 2472 2477 2496 2500 /44 1 2496 2500 2497 2501 /r  
1 2:0 0 1 1 1 1 /44 1 2499 2503 2331 2326 /44 1 2477 2482 2500 2504 /44 1 2500  
2504 2501 2505 /r 1 2:0 0 1 1 1 1 /44 1 2503 2507 2326 2321 /44 1 2482 2487  
2504 2508 /44 1 2504 2508 2505 2509 /r 1 2:0 0 1 1 1 1 /44 1 2507 2511 2321  
2316 /44 1 2487 203 2508 2512 /44 1 2508 2512 2509 2513 /r 1 2:0 0 1 1 1 1 /44  
1 2511 2515 2316 197 /44 1 196 2264 2412 2516 /44 1 2412 2516 2413 2517 /r 1 2: 
0 0 1 1 1 1 /44 1 2415 2519 194 2520 /44 1 2264 2269 2516 2521 /44 1 2516 2521  
2517 2522 /r 1 3:0 0 1 1 1 1 /44 1 2269 2274 2521 2526 /44 1 2521 2526 2522  
2527 /r 1 3:0 0 1 1 1 1 /44 1 2274 2279 2526 2531 /44 1 2526 2531 2527 2532 /r  
1 3:0 0 1 1 1 1 /44 1 2279 191 2531 2536 /44 1 2531 2536 2532 2537 /r 1 2:0 0 1 
 
1 1 1 /44 1 2534 2539 2535 204 /44 1 194 2520 2344 2540 /44 1 2344 2540 2349  
2541 /r 1 2:0 0 5 1 5 1 /44 1 2359 2543 198 2544 /44 1 2520 2525 2540 2545 /44  
1 2540 2545 2541 2546 /r 1 3:0 0 1 1 1 1 /44 1 2525 2530 2545 2550 /44 1 2545  
2550 2546 2551 /r 1 3:0 0 1 1 1 1 /44 1 2530 2535 2550 2555 /44 1 2550 2555  
2551 2556 /r 1 3:0 0 1 1 1 1 /44 1 2535 204 2555 2560 /44 1 2555 2560 2556 2561 
/r 1 2:0 0 1 1 1 1 /44 1 2558 2563 2559 205 /44 1 198 2544 2368 2564 /44 1 2368 
 
2564 2373 2565 /r 1 2:0 0 5 1 5 1 /44 1 2383 2567 195 2568 /44 1 2544 2549 2564 
 
2569 /44 1 2564 2569 2565 2570 /r 1 3:0 0 1 1 1 1 /44 1 2549 2554 2569 2574 /44 
 
1 2569 2574 2570 2575 /r 1 3:0 0 1 1 1 1 /44 1 2554 2559 2574 2579 /44 1 2574  
2579 2575 2580 /r 1 3:0 0 1 1 1 1 /44 1 2559 205 2579 2584 /44 1 2579 2584 2580 
 
2585 /r 1 2:0 0 1 1 1 1 /44 1 2582 2587 2583 206 /44 1 195 2568 2488 2588 /44 1 
 
2488 2588 2489 2589 /r 1 2:0 0 1 1 1 1 /44 1 2491 2591 203 2592 /44 1 2568 2573 
 
2588 2593 /44 1 2588 2593 2589 2594 /r 1 3:0 0 1 1 1 1 /44 1 2573 2578 2593  
2598 /44 1 2593 2598 2594 2599 /r 1 3:0 0 1 1 1 1 /44 1 2578 2583 2598 2603 /44 
 
1 2598 2603 2599 2604 /r 1 3:0 0 1 1 1 1 /44 1 2583 206 2603 2608 /44 1 2603  
2608 2604 2609 /r 1 2:0 0 1 1 1 1 /44 1 2606 2611 2607 207 /44 1 203 2592 2512  
2612 /44 1 2512 2612 2513 2613 /r 1 2:0 0 1 1 1 1 /44 1 2515 2615 197 2307 /44  
1 2592 2597 2612 2616 /44 1 2612 2616 2613 2617 /r 1 2:0 0 1 1 1 1 /44 1 2615  
2619 2307 2302 /44 1 2597 2602 2616 2620 /44 1 2616 2620 2617 2621 /r 1 2:0 0 1 
 
1 1 1 /44 1 2619 2623 2302 2297 /44 1 2602 2607 2620 2624 /44 1 2620 2624 2621  
2625 /r 1 2:0 0 1 1 1 1 /44 1 2623 2627 2297 2292 /44 1 2607 207 2624 2628 /44  
1 2624 2628 2625 2629 /r 1 2:0 0 1 1 1 1 /44 1 2627 2631 2292 192 /)
(3/
1 GE 3.31e+006 0.2 0.15 RO 2.5 TMP 1e-005 1e-005
    Material="{731D5A56-E0CB-4F3D-A2D0-F191A5203219}"  Name "Перекрытия"/
2 GE 3.06e+006 0.2 0.2 RO 2.5 TMP 1e-005 1e-005
    Material="{39C6BD81-464F-4FFB-AD98-7035880B4300}"  Name "Вн стены"/
3 GE 3.06e+006 0.2 0.25 RO 2.5 TMP 1e-005 1e-005
    Material="{39C6BD81-464F-4FFB-AD98-7035880B4300}"  Name "Нар стены"/)
(4/0 /10 /10 15/0 15/5 3/5 9/0 0 3.3/10 0 3.3/10 15 3.3/0 15 3.3/5 3 3.3/5 9  
3.3/0 3/r 1 3:0 3/5 /r 1 2:0 6/5 15/10 3/r 1 3:0 3/5 0 3.3/5 15 3.3/5 6 3.3/0 0 
 
6.6/10 0 6.6/10 15 6.6/0 15 6.6/5 3 6.6/5 9 6.6/0 3 3.3/r 1 3:0 3/5 12 3.3/10 3 
 
3.3/r 1 3:0 3/5 0 6.6/5 15 6.6/5 6 6.6/0 0 6.6/10 0 6.6/10 15 6.6/0 15 6.6/5 3  
6.6/5 9 6.6/5 0 6.6/5 15 6.6/5 6 6.6/0 3 6.6/r 1 3:0 3/5 12 6.6/10 3 6.6/r 1 3: 
0 3/0 0 6.6/10 0 6.6/10 15 6.6/0 15 6.6/5 3 6.6/5 9 6.6/5 0 6.6/5 15 6.6/5 6  
6.6/0 0 9.9/10 0 9.9/10 15 9.9/0 15 9.9/5 3 9.9/5 9 9.9/5 0 9.9/5 15 9.9/5 6  
9.9/0 0 9.9/10 0 9.9/10 15 9.9/0 15 9.9/5 3 9.9/5 9 9.9/5 0 9.9/5 15 9.9/5 6  
9.9/0 3 9.9/r 1 3:0 3/5 12 9.9/10 3 9.9/r 1 3:0 3/0 0 9.9/10 0 9.9/10 15 9.9/0  
15 9.9/5 3 9.9/5 9 9.9/5 0 9.9/5 15 9.9/5 6 9.9/0 0 13.2/10 0 13.2/10 15 13.2/0 
 
15 13.2/5 3 13.2/5 9 13.2/5 0 13.2/5 15 13.2/5 6 13.2/0 0 13.2/10 0 13.2/10 15  
13.2/0 15 13.2/5 3 13.2/5 9 13.2/5 0 13.2/5 15 13.2/5 6 13.2/0 3 13.2/r 1 3:0 3/
 
5 12 13.2/10 3 13.2/r 1 3:0 3/0 0 13.2/10 0 13.2/10 15 13.2/0 15 13.2/5 3 13.2/ 
5 9 13.2/5 0 13.2/5 15 13.2/5 6 13.2/0 0 16.5/10 0 16.5/10 15 16.5/0 15 16.5/5  
3 16.5/5 9 16.5/5 0 16.5/5 15 16.5/5 6 16.5/0 0 16.5/10 0 16.5/10 15 16.5/0 15  
16.5/5 3 16.5/5 9 16.5/5 0 16.5/5 15 16.5/5 6 16.5/0 3 16.5/r 1 3:0 3/5 12 16.5/
 
10 3 16.5/r 1 3:0 3/0 0 16.5/10 0 16.5/10 15 16.5/0 15 16.5/5 3 16.5/5 9 16.5/5 
 
0 16.5/5 15 16.5/5 6 16.5/0 0 19.8/10 0 19.8/10 15 19.8/0 15 19.8/5 3 19.8/5 9  
19.8/5 0 19.8/5 15 19.8/5 6 19.8/0 0 19.8/10 0 19.8/10 15 19.8/0 15 19.8/5 3  
19.8/5 9 19.8/5 0 19.8/5 15 19.8/5 6 19.8/0 3 19.8/r 1 3:0 3/5 12 19.8/10 3  
19.8/r 1 3:0 3/0 0 0.66/r 1 3:0 0 0.66/1 /r 1 5:0 0 0.66/2 /r 1 5:0 0 0.66/3 /r 
 
1 5:0 0 0.66/4 /r 1 5:0 0 0.66/5 0 0.66/r 1 3:0 0 0.66/6 /r 1 5:0 0 0.66/7 /r 1 
 
5:0 0 0.66/8 /r 1 5:0 0 0.66/9 /r 1 5:0 0 0.66/10 0 0.66/r 1 3:0 0 0.66/10 15  
0.66/r 1 3:0 0 0.66/9 15/r 1 5:0 0 0.66/8 15/r 1 5:0 0 0.66/7 15/r 1 5:0 0 0.66/
 
6 15/r 1 5:0 0 0.66/5 15 0.66/r 1 3:0 0 0.66/4 15/r 1 5:0 0 0.66/3 15/r 1 5:0 0 
 
0.66/2 15/r 1 5:0 0 0.66/1 15/r 1 5:0 0 0.66/0 15 0.66/r 1 3:0 0 0.66/5 3 0.66/ 
r 1 3:0 -4.44089e-016 0.66/5 3.6/r 1 5:0 0 0.66/5 4.2/r 1 5:0 0 0.66/5 4.8/r 1  
5:0 0 0.66/5 5.4/r 1 5:0 0 0.66/5 6 0.66/r 1 3:0 0 0.66/5 6.6/r 1 5:0 0 0.66/5  
7.2/r 1 5:0 0 0.66/5 7.8/r 1 5:0 0 0.66/5 8.4/r 1 5:0 0 0.66/5 9 0.66/r 1 3:0 0 
 
0.66/0 0.6 3.3/r 1 3:0 0.6 -4.44089e-016/1 0.6 3.3/r 1 4:0 0.6 -4.44089e-016/2  
0.6 3.3/r 1 4:0 0.6 -4.44089e-016/3 0.6 3.3/r 1 4:0 0.6 -4.44089e-016/4 0.6 3.3/
 
r 1 4:0 0.6 -4.44089e-016/5 0.6 3.3/r 1 3:0 0.6 -4.44089e-016/0 3.6 3.3/r 1 3:0 
 
0.6 -4.44089e-016/1 3.6 3.3/r 1 4:0 0.6 -4.44089e-016/2 3.6 3.3/r 1 4:0 0.6  
-4.44089e-016/3 3.6 3.3/r 1 4:0 0.6 -4.44089e-016/4 3.6 3.3/r 1 4:0 0.6  
-4.44089e-016/0 6.6 3.3/r 1 3:0 0.6 -4.44089e-016/1 6.6 3.3/r 1 4:0 0.6  
-4.44089e-016/2 6.6 3.3/r 1 4:0 0.6 -4.44089e-016/3 6.6 3.3/r 1 4:0 0.6  
-4.44089e-016/4 6.6 3.3/r 1 4:0 0.6 -4.44089e-016/0 9.6 3.3/r 1 3:0 0.6  
-4.44089e-016/1 9.6 3.3/r 1 4:0 0.6 -4.44089e-016/2 9.6 3.3/r 1 4:0 0.6  
-4.44089e-016/3 9.6 3.3/r 1 4:0 0.6 -4.44089e-016/4 9.6 3.3/r 1 4:0 0.6  
-4.44089e-016/5 9.6 3.3/r 1 3:0 0.6 -4.44089e-016/0 12.6 3.3/r 1 3:0 0.6  
-4.44089e-016/1 12.6 3.3/r 1 3:0 0.6 -4.44089e-016/2 12.6 3.3/r 1 3:0 0.6  
-4.44089e-016/3 12.6 3.3/r 1 3:0 0.6 -4.44089e-016/4 12.6 3.3/r 1 3:0 0.6  
-4.44089e-016/5 12.6 3.3/r 1 3:0 0.6 -4.44089e-016/6 0.6 3.3/r 1 4:0 0.6  
-4.44089e-016/7 0.6 3.3/r 1 4:0 0.6 -4.44089e-016/8 0.6 3.3/r 1 4:0 0.6  
-4.44089e-016/9 0.6 3.3/r 1 4:0 0.6 -4.44089e-016/10 0.6 3.3/r 1 3:0 0.6  
-4.44089e-016/6 3.6 3.3/r 1 4:0 0.6 -4.44089e-016/7 3.6 3.3/r 1 4:0 0.6  
-4.44089e-016/8 3.6 3.3/r 1 4:0 0.6 -4.44089e-016/9 3.6 3.3/r 1 4:0 0.6  
-4.44089e-016/10 3.6 3.3/r 1 3:0 0.6 -4.44089e-016/6 6.6 3.3/r 1 4:0 0.6  
-4.44089e-016/7 6.6 3.3/r 1 4:0 0.6 -4.44089e-016/8 6.6 3.3/r 1 4:0 0.6  
-4.44089e-016/9 6.6 3.3/r 1 4:0 0.6 -4.44089e-016/10 6.6 3.3/r 1 3:0 0.6  
-4.44089e-016/6 9.6 3.3/r 1 4:0 0.6 -4.44089e-016/7 9.6 3.3/r 1 4:0 0.6  
-4.44089e-016/8 9.6 3.3/r 1 4:0 0.6 -4.44089e-016/9 9.6 3.3/r 1 4:0 0.6  
-4.44089e-016/10 9.6 3.3/r 1 3:0 0.6 -4.44089e-016/6 12.6 3.3/r 1 3:0 0.6  
-4.44089e-016/7 12.6 3.3/r 1 3:0 0.6 -4.44089e-016/8 12.6 3.3/r 1 3:0 0.6  
-4.44089e-016/9 12.6 3.3/r 1 3:0 0.6 -4.44089e-016/10 12.6 3.3/r 1 3:0 0.6  
-4.44089e-016/0 0 3.96/r 1 3:0 0 0.66/1 0 3.96/r 1 4:0 0 0.66/2 0 3.96/r 1 4:0  
0 0.66/3 0 3.96/r 1 4:0 0 0.66/4 0 3.96/r 1 4:0 0 0.66/5 0 3.96/r 1 3:0 0 0.66/ 
6 0 3.96/r 1 4:0 0 0.66/7 0 3.96/r 1 4:0 0 0.66/8 0 3.96/r 1 4:0 0 0.66/9 0  
3.96/r 1 4:0 0 0.66/10 0 3.96/r 1 3:0 0 0.66/10 15 3.96/r 1 3:0 0 0.66/9 15  
3.96/r 1 4:0 0 0.66/8 15 3.96/r 1 4:0 0 0.66/7 15 3.96/r 1 4:0 0 0.66/6 15 3.96/
 
r 1 4:0 0 0.66/5 15 3.96/r 1 3:0 0 0.66/4 15 3.96/r 1 4:0 0 0.66/3 15 3.96/r 1  
4:0 0 0.66/2 15 3.96/r 1 4:0 0 0.66/1 15 3.96/r 1 4:0 0 0.66/0 15 3.96/r 1 3:0  
0 0.66/5 3 3.96/r 1 3:0 -4.44089e-016 0.66/5 3.6 3.96/r 1 4:0 0 0.66/5 4.2 3.96/
 
r 1 4:0 0 0.66/5 4.8 3.96/r 1 4:0 0 0.66/5 5.4 3.96/r 1 4:0 0 0.66/5 6 3.96/r 1 
 
3:0 0 0.66/5 6.6 3.96/r 1 4:0 0 0.66/5 7.2 3.96/r 1 4:0 0 0.66/5 7.8 3.96/r 1 4:
 
0 0 0.66/5 8.4 3.96/r 1 4:0 0 0.66/5 9 3.96/r 1 3:0 0 0.66/0 0.6 6.6/r 1 3:0  
0.6 -8.88178e-016/1 0.6 6.6/r 1 4:0 0.6 -8.88178e-016/2 0.6 6.6/r 1 4:0 0.6  
-8.88178e-016/3 0.6 6.6/r 1 4:0 0.6 -8.88178e-016/4 0.6 6.6/r 1 4:0 0.6  
-8.88178e-016/5 0.6 6.6/r 1 3:0 0.6 -8.88178e-016/0 3.6 6.6/r 1 3:0 0.6  
-8.88178e-016/1 3.6 6.6/r 1 4:0 0.6 -8.88178e-016/2 3.6 6.6/r 1 4:0 0.6  
-8.88178e-016/3 3.6 6.6/r 1 4:0 0.6 -8.88178e-016/4 3.6 6.6/r 1 4:0 0.6  
-8.88178e-016/0 6.6 6.6/r 1 3:0 0.6 -8.88178e-016/1 6.6 6.6/r 1 4:0 0.6  
-8.88178e-016/2 6.6 6.6/r 1 4:0 0.6 -8.88178e-016/3 6.6 6.6/r 1 4:0 0.6  
-8.88178e-016/4 6.6 6.6/r 1 4:0 0.6 -8.88178e-016/0 9.6 6.6/r 1 3:0 0.6  
-8.88178e-016/1 9.6 6.6/r 1 4:0 0.6 -8.88178e-016/2 9.6 6.6/r 1 4:0 0.6  
-8.88178e-016/3 9.6 6.6/r 1 4:0 0.6 -8.88178e-016/4 9.6 6.6/r 1 4:0 0.6  
-8.88178e-016/5 9.6 6.6/r 1 3:0 0.6 -8.88178e-016/0 12.6 6.6/r 1 3:0 0.6  
-8.88178e-016/1 12.6 6.6/r 1 3:0 0.6 -8.88178e-016/2 12.6 6.6/r 1 3:0 0.6  
-8.88178e-016/3 12.6 6.6/r 1 3:0 0.6 -8.88178e-016/4 12.6 6.6/r 1 3:0 0.6  
-8.88178e-016/5 12.6 6.6/r 1 3:0 0.6 -8.88178e-016/6 0.6 6.6/r 1 4:0 0.6  
-8.88178e-016/7 0.6 6.6/r 1 4:0 0.6 -8.88178e-016/8 0.6 6.6/r 1 4:0 0.6  
-8.88178e-016/9 0.6 6.6/r 1 4:0 0.6 -8.88178e-016/10 0.6 6.6/r 1 3:0 0.6  
-8.88178e-016/6 3.6 6.6/r 1 4:0 0.6 -8.88178e-016/7 3.6 6.6/r 1 4:0 0.6  
-8.88178e-016/8 3.6 6.6/r 1 4:0 0.6 -8.88178e-016/9 3.6 6.6/r 1 4:0 0.6  
-8.88178e-016/10 3.6 6.6/r 1 3:0 0.6 -8.88178e-016/6 6.6 6.6/r 1 4:0 0.6  
-8.88178e-016/7 6.6 6.6/r 1 4:0 0.6 -8.88178e-016/8 6.6 6.6/r 1 4:0 0.6  
-8.88178e-016/9 6.6 6.6/r 1 4:0 0.6 -8.88178e-016/10 6.6 6.6/r 1 3:0 0.6  
-8.88178e-016/6 9.6 6.6/r 1 4:0 0.6 -8.88178e-016/7 9.6 6.6/r 1 4:0 0.6  
-8.88178e-016/8 9.6 6.6/r 1 4:0 0.6 -8.88178e-016/9 9.6 6.6/r 1 4:0 0.6  
-8.88178e-016/10 9.6 6.6/r 1 3:0 0.6 -8.88178e-016/6 12.6 6.6/r 1 3:0 0.6  
-8.88178e-016/7 12.6 6.6/r 1 3:0 0.6 -8.88178e-016/8 12.6 6.6/r 1 3:0 0.6  
-8.88178e-016/9 12.6 6.6/r 1 3:0 0.6 -8.88178e-016/10 12.6 6.6/r 1 3:0 0.6  
-8.88178e-016/0 0 7.26/r 1 3:0 0 0.66/1 0 7.26/r 1 4:0 0 0.66/2 0 7.26/r 1 4:0  
0 0.66/3 0 7.26/r 1 4:0 0 0.66/4 0 7.26/r 1 4:0 0 0.66/5 0 7.26/r 1 3:0 0 0.66/ 
6 0 7.26/r 1 4:0 0 0.66/7 0 7.26/r 1 4:0 0 0.66/8 0 7.26/r 1 4:0 0 0.66/9 0  
7.26/r 1 4:0 0 0.66/10 0 7.26/r 1 3:0 0 0.66/10 15 7.26/r 1 3:0 0 0.66/9 15  
7.26/r 1 4:0 0 0.66/8 15 7.26/r 1 4:0 0 0.66/7 15 7.26/r 1 4:0 0 0.66/6 15 7.26/
 
r 1 4:0 0 0.66/5 15 7.26/r 1 3:0 0 0.66/4 15 7.26/r 1 4:0 0 0.66/3 15 7.26/r 1  
4:0 0 0.66/2 15 7.26/r 1 4:0 0 0.66/1 15 7.26/r 1 4:0 0 0.66/0 15 7.26/r 1 3:0  
0 0.66/5 3 7.26/r 1 3:0 -4.44089e-016 0.66/5 3.6 7.26/r 1 4:0 0 0.66/5 4.2 7.26/
 
r 1 4:0 0 0.66/5 4.8 7.26/r 1 4:0 0 0.66/5 5.4 7.26/r 1 4:0 0 0.66/5 6 7.26/r 1 
 
3:0 0 0.66/5 6.6 7.26/r 1 4:0 0 0.66/5 7.2 7.26/r 1 4:0 0 0.66/5 7.8 7.26/r 1 4:
 
0 0 0.66/5 8.4 7.26/r 1 4:0 0 0.66/5 9 7.26/r 1 3:0 0 0.66/0 0.6 9.9/r 1 3:0  
0.6/1 0.6 9.9/r 1 4:0 0.6/2 0.6 9.9/r 1 4:0 0.6/3 0.6 9.9/r 1 4:0 0.6/4 0.6 9.9/
 
r 1 4:0 0.6/5 0.6 9.9/r 1 3:0 0.6/0 3.6 9.9/r 1 3:0 0.6/1 3.6 9.9/r 1 4:0 0.6/2 
 
3.6 9.9/r 1 4:0 0.6/3 3.6 9.9/r 1 4:0 0.6/4 3.6 9.9/r 1 4:0 0.6/0 6.6 9.9/r 1 3:
 
0 0.6/1 6.6 9.9/r 1 4:0 0.6/2 6.6 9.9/r 1 4:0 0.6/3 6.6 9.9/r 1 4:0 0.6/4 6.6  
9.9/r 1 4:0 0.6/0 9.6 9.9/r 1 3:0 0.6/1 9.6 9.9/r 1 4:0 0.6/2 9.6 9.9/r 1 4:0  
0.6/3 9.6 9.9/r 1 4:0 0.6/4 9.6 9.9/r 1 4:0 0.6/5 9.6 9.9/r 1 3:0 0.6/0 12.6  
9.9/r 1 3:0 0.6/1 12.6 9.9/r 1 3:0 0.6/2 12.6 9.9/r 1 3:0 0.6/3 12.6 9.9/r 1 3: 
0 0.6/4 12.6 9.9/r 1 3:0 0.6/5 12.6 9.9/r 1 3:0 0.6/6 0.6 9.9/r 1 4:0 0.6/7 0.6 
 
9.9/r 1 4:0 0.6/8 0.6 9.9/r 1 4:0 0.6/9 0.6 9.9/r 1 4:0 0.6/10 0.6 9.9/r 1 3:0  
0.6/6 3.6 9.9/r 1 4:0 0.6/7 3.6 9.9/r 1 4:0 0.6/8 3.6 9.9/r 1 4:0 0.6/9 3.6 9.9/
 
r 1 4:0 0.6/10 3.6 9.9/r 1 3:0 0.6/6 6.6 9.9/r 1 4:0 0.6/7 6.6 9.9/r 1 4:0 0.6/ 
8 6.6 9.9/r 1 4:0 0.6/9 6.6 9.9/r 1 4:0 0.6/10 6.6 9.9/r 1 3:0 0.6/6 9.6 9.9/r  
1 4:0 0.6/7 9.6 9.9/r 1 4:0 0.6/8 9.6 9.9/r 1 4:0 0.6/9 9.6 9.9/r 1 4:0 0.6/10  
9.6 9.9/r 1 3:0 0.6/6 12.6 9.9/r 1 3:0 0.6/7 12.6 9.9/r 1 3:0 0.6/8 12.6 9.9/r  
1 3:0 0.6/9 12.6 9.9/r 1 3:0 0.6/10 12.6 9.9/r 1 3:0 0.6/0 0 10.56/r 1 3:0 0  
0.66/1 0 10.56/r 1 4:0 0 0.66/2 0 10.56/r 1 4:0 0 0.66/3 0 10.56/r 1 4:0 0 0.66/
 
4 0 10.56/r 1 4:0 0 0.66/5 0 10.56/r 1 3:0 0 0.66/6 0 10.56/r 1 4:0 0 0.66/7 0  
10.56/r 1 4:0 0 0.66/8 0 10.56/r 1 4:0 0 0.66/9 0 10.56/r 1 4:0 0 0.66/10 0  
10.56/r 1 3:0 0 0.66/10 15 10.56/r 1 3:0 0 0.66/9 15 10.56/r 1 4:0 0 0.66/8 15  
10.56/r 1 4:0 0 0.66/7 15 10.56/r 1 4:0 0 0.66/6 15 10.56/r 1 4:0 0 0.66/5 15  
10.56/r 1 3:0 0 0.66/4 15 10.56/r 1 4:0 0 0.66/3 15 10.56/r 1 4:0 0 0.66/2 15  
10.56/r 1 4:0 0 0.66/1 15 10.56/r 1 4:0 0 0.66/0 15 10.56/r 1 3:0 0 0.66/5 3  
10.56/r 1 3:0 -4.44089e-016 0.66/5 3.6 10.56/r 1 4:0 0 0.66/5 4.2 10.56/r 1 4:0 
 
0 0.66/5 4.8 10.56/r 1 4:0 0 0.66/5 5.4 10.56/r 1 4:0 0 0.66/5 6 10.56/r 1 3:0  
0 0.66/5 6.6 10.56/r 1 4:0 0 0.66/5 7.2 10.56/r 1 4:0 0 0.66/5 7.8 10.56/r 1 4: 
0 0 0.66/5 8.4 10.56/r 1 4:0 0 0.66/5 9 10.56/r 1 3:0 0 0.66/0 0.6 13.2/r 1 3:0 
 
0.6 -1.77636e-015/1 0.6 13.2/r 1 4:0 0.6 -1.77636e-015/2 0.6 13.2/r 1 4:0 0.6  
-1.77636e-015/3 0.6 13.2/r 1 4:0 0.6 -1.77636e-015/4 0.6 13.2/r 1 4:0 0.6  
-1.77636e-015/5 0.6 13.2/r 1 3:0 0.6 -1.77636e-015/0 3.6 13.2/r 1 3:0 0.6  
-1.77636e-015/1 3.6 13.2/r 1 4:0 0.6 -1.77636e-015/2 3.6 13.2/r 1 4:0 0.6  
-1.77636e-015/3 3.6 13.2/r 1 4:0 0.6 -1.77636e-015/4 3.6 13.2/r 1 4:0 0.6  
-1.77636e-015/0 6.6 13.2/r 1 3:0 0.6 -1.77636e-015/1 6.6 13.2/r 1 4:0 0.6  
-1.77636e-015/2 6.6 13.2/r 1 4:0 0.6 -1.77636e-015/3 6.6 13.2/r 1 4:0 0.6  
-1.77636e-015/4 6.6 13.2/r 1 4:0 0.6 -1.77636e-015/0 9.6 13.2/r 1 3:0 0.6  
-1.77636e-015/1 9.6 13.2/r 1 4:0 0.6 -1.77636e-015/2 9.6 13.2/r 1 4:0 0.6  
-1.77636e-015/3 9.6 13.2/r 1 4:0 0.6 -1.77636e-015/4 9.6 13.2/r 1 4:0 0.6  
-1.77636e-015/5 9.6 13.2/r 1 3:0 0.6 -1.77636e-015/0 12.6 13.2/r 1 3:0 0.6  
-1.77636e-015/1 12.6 13.2/r 1 3:0 0.6 -1.77636e-015/2 12.6 13.2/r 1 3:0 0.6  
-1.77636e-015/3 12.6 13.2/r 1 3:0 0.6 -1.77636e-015/4 12.6 13.2/r 1 3:0 0.6  
-1.77636e-015/5 12.6 13.2/r 1 3:0 0.6 -1.77636e-015/6 0.6 13.2/r 1 4:0 0.6  
-1.77636e-015/7 0.6 13.2/r 1 4:0 0.6 -1.77636e-015/8 0.6 13.2/r 1 4:0 0.6  
-1.77636e-015/9 0.6 13.2/r 1 4:0 0.6 -1.77636e-015/10 0.6 13.2/r 1 3:0 0.6  
-1.77636e-015/6 3.6 13.2/r 1 4:0 0.6 -1.77636e-015/7 3.6 13.2/r 1 4:0 0.6  
-1.77636e-015/8 3.6 13.2/r 1 4:0 0.6 -1.77636e-015/9 3.6 13.2/r 1 4:0 0.6  
-1.77636e-015/10 3.6 13.2/r 1 3:0 0.6 -1.77636e-015/6 6.6 13.2/r 1 4:0 0.6  
-1.77636e-015/7 6.6 13.2/r 1 4:0 0.6 -1.77636e-015/8 6.6 13.2/r 1 4:0 0.6  
-1.77636e-015/9 6.6 13.2/r 1 4:0 0.6 -1.77636e-015/10 6.6 13.2/r 1 3:0 0.6  
-1.77636e-015/6 9.6 13.2/r 1 4:0 0.6 -1.77636e-015/7 9.6 13.2/r 1 4:0 0.6  
-1.77636e-015/8 9.6 13.2/r 1 4:0 0.6 -1.77636e-015/9 9.6 13.2/r 1 4:0 0.6  
-1.77636e-015/10 9.6 13.2/r 1 3:0 0.6 -1.77636e-015/6 12.6 13.2/r 1 3:0 0.6  
-1.77636e-015/7 12.6 13.2/r 1 3:0 0.6 -1.77636e-015/8 12.6 13.2/r 1 3:0 0.6  
-1.77636e-015/9 12.6 13.2/r 1 3:0 0.6 -1.77636e-015/10 12.6 13.2/r 1 3:0 0.6  
-1.77636e-015/0 0 13.86/r 1 3:0 0 0.66/1 0 13.86/r 1 4:0 0 0.66/2 0 13.86/r 1 4:
 
0 0 0.66/3 0 13.86/r 1 4:0 0 0.66/4 0 13.86/r 1 4:0 0 0.66/5 0 13.86/r 1 3:0 0  
0.66/6 0 13.86/r 1 4:0 0 0.66/7 0 13.86/r 1 4:0 0 0.66/8 0 13.86/r 1 4:0 0 0.66/
 
9 0 13.86/r 1 4:0 0 0.66/10 0 13.86/r 1 3:0 0 0.66/10 15 13.86/r 1 3:0 0 0.66/9 
 
15 13.86/r 1 4:0 0 0.66/8 15 13.86/r 1 4:0 0 0.66/7 15 13.86/r 1 4:0 0 0.66/6  
15 13.86/r 1 4:0 0 0.66/5 15 13.86/r 1 3:0 0 0.66/4 15 13.86/r 1 4:0 0 0.66/3  
15 13.86/r 1 4:0 0 0.66/2 15 13.86/r 1 4:0 0 0.66/1 15 13.86/r 1 4:0 0 0.66/0  
15 13.86/r 1 3:0 0 0.66/5 3 13.86/r 1 3:0 -4.44089e-016 0.66/5 3.6 13.86/r 1 4: 
0 0 0.66/5 4.2 13.86/r 1 4:0 0 0.66/5 4.8 13.86/r 1 4:0 0 0.66/5 5.4 13.86/r 1  
4:0 0 0.66/5 6 13.86/r 1 3:0 0 0.66/5 6.6 13.86/r 1 4:0 0 0.66/5 7.2 13.86/r 1  
4:0 0 0.66/5 7.8 13.86/r 1 4:0 0 0.66/5 8.4 13.86/r 1 4:0 0 0.66/5 9 13.86/r 1  
3:0 0 0.66/0 0.6 16.5/r 1 3:0 0.6/1 0.6 16.5/r 1 4:0 0.6/2 0.6 16.5/r 1 4:0 0.6/
 
3 0.6 16.5/r 1 4:0 0.6/4 0.6 16.5/r 1 4:0 0.6/5 0.6 16.5/r 1 3:0 0.6/0 3.6 16.5/
 
r 1 3:0 0.6/1 3.6 16.5/r 1 4:0 0.6/2 3.6 16.5/r 1 4:0 0.6/3 3.6 16.5/r 1 4:0  
0.6/4 3.6 16.5/r 1 4:0 0.6/0 6.6 16.5/r 1 3:0 0.6/1 6.6 16.5/r 1 4:0 0.6/2 6.6  
16.5/r 1 4:0 0.6/3 6.6 16.5/r 1 4:0 0.6/4 6.6 16.5/r 1 4:0 0.6/0 9.6 16.5/r 1 3:
 
0 0.6/1 9.6 16.5/r 1 4:0 0.6/2 9.6 16.5/r 1 4:0 0.6/3 9.6 16.5/r 1 4:0 0.6/4  
9.6 16.5/r 1 4:0 0.6/5 9.6 16.5/r 1 3:0 0.6/0 12.6 16.5/r 1 3:0 0.6/1 12.6 16.5/
 
r 1 3:0 0.6/2 12.6 16.5/r 1 3:0 0.6/3 12.6 16.5/r 1 3:0 0.6/4 12.6 16.5/r 1 3:0 
 
0.6/5 12.6 16.5/r 1 3:0 0.6/6 0.6 16.5/r 1 4:0 0.6/7 0.6 16.5/r 1 4:0 0.6/8 0.6 
 
16.5/r 1 4:0 0.6/9 0.6 16.5/r 1 4:0 0.6/10 0.6 16.5/r 1 3:0 0.6/6 3.6 16.5/r 1  
4:0 0.6/7 3.6 16.5/r 1 4:0 0.6/8 3.6 16.5/r 1 4:0 0.6/9 3.6 16.5/r 1 4:0 0.6/10 
 
3.6 16.5/r 1 3:0 0.6/6 6.6 16.5/r 1 4:0 0.6/7 6.6 16.5/r 1 4:0 0.6/8 6.6 16.5/r 
 
1 4:0 0.6/9 6.6 16.5/r 1 4:0 0.6/10 6.6 16.5/r 1 3:0 0.6/6 9.6 16.5/r 1 4:0 0.6/
 
7 9.6 16.5/r 1 4:0 0.6/8 9.6 16.5/r 1 4:0 0.6/9 9.6 16.5/r 1 4:0 0.6/10 9.6  
16.5/r 1 3:0 0.6/6 12.6 16.5/r 1 3:0 0.6/7 12.6 16.5/r 1 3:0 0.6/8 12.6 16.5/r  
1 3:0 0.6/9 12.6 16.5/r 1 3:0 0.6/10 12.6 16.5/r 1 3:0 0.6/0 0 17.16/r 1 3:0 0  
0.66/1 0 17.16/r 1 4:0 0 0.66/2 0 17.16/r 1 4:0 0 0.66/3 0 17.16/r 1 4:0 0 0.66/
 
4 0 17.16/r 1 4:0 0 0.66/5 0 17.16/r 1 3:0 0 0.66/6 0 17.16/r 1 4:0 0 0.66/7 0  
17.16/r 1 4:0 0 0.66/8 0 17.16/r 1 4:0 0 0.66/9 0 17.16/r 1 4:0 0 0.66/10 0  
17.16/r 1 3:0 0 0.66/10 15 17.16/r 1 3:0 0 0.66/9 15 17.16/r 1 4:0 0 0.66/8 15  
17.16/r 1 4:0 0 0.66/7 15 17.16/r 1 4:0 0 0.66/6 15 17.16/r 1 4:0 0 0.66/5 15  
17.16/r 1 3:0 0 0.66/4 15 17.16/r 1 4:0 0 0.66/3 15 17.16/r 1 4:0 0 0.66/2 15  
17.16/r 1 4:0 0 0.66/1 15 17.16/r 1 4:0 0 0.66/0 15 17.16/r 1 3:0 0 0.66/5 3  
17.16/r 1 3:0 -4.44089e-016 0.66/5 3.6 17.16/r 1 4:0 0 0.66/5 4.2 17.16/r 1 4:0 
 
0 0.66/5 4.8 17.16/r 1 4:0 0 0.66/5 5.4 17.16/r 1 4:0 0 0.66/5 6 17.16/r 1 3:0  
0 0.66/5 6.6 17.16/r 1 4:0 0 0.66/5 7.2 17.16/r 1 4:0 0 0.66/5 7.8 17.16/r 1 4: 
0 0 0.66/5 8.4 17.16/r 1 4:0 0 0.66/5 9 17.16/r 1 3:0 0 0.66/0 0.6 19.8/r 1 3:0 
 
0.6/1 0.6 19.8/r 1 4:0 0.6/2 0.6 19.8/r 1 4:0 0.6/3 0.6 19.8/r 1 4:0 0.6/4 0.6  
19.8/r 1 4:0 0.6/5 0.6 19.8/r 1 3:0 0.6/0 3.6 19.8/r 1 3:0 0.6/1 3.6 19.8/r 1 4:
 
0 0.6/2 3.6 19.8/r 1 4:0 0.6/3 3.6 19.8/r 1 4:0 0.6/4 3.6 19.8/r 1 4:0 0.6/0  
6.6 19.8/r 1 3:0 0.6/1 6.6 19.8/r 1 4:0 0.6/2 6.6 19.8/r 1 4:0 0.6/3 6.6 19.8/r 
 
1 4:0 0.6/4 6.6 19.8/r 1 4:0 0.6/0 9.6 19.8/r 1 3:0 0.6/1 9.6 19.8/r 1 4:0 0.6/ 
2 9.6 19.8/r 1 4:0 0.6/3 9.6 19.8/r 1 4:0 0.6/4 9.6 19.8/r 1 4:0 0.6/5 9.6 19.8/
 
r 1 3:0 0.6/0 12.6 19.8/r 1 3:0 0.6/1 12.6 19.8/r 1 3:0 0.6/2 12.6 19.8/r 1 3:0 
 
0.6/3 12.6 19.8/r 1 3:0 0.6/4 12.6 19.8/r 1 3:0 0.6/5 12.6 19.8/r 1 3:0 0.6/6  
0.6 19.8/r 1 4:0 0.6/7 0.6 19.8/r 1 4:0 0.6/8 0.6 19.8/r 1 4:0 0.6/9 0.6 19.8/r 
 
1 4:0 0.6/10 0.6 19.8/r 1 3:0 0.6/6 3.6 19.8/r 1 4:0 0.6/7 3.6 19.8/r 1 4:0 0.6/
 
8 3.6 19.8/r 1 4:0 0.6/9 3.6 19.8/r 1 4:0 0.6/10 3.6 19.8/r 1 3:0 0.6/6 6.6  
19.8/r 1 4:0 0.6/7 6.6 19.8/r 1 4:0 0.6/8 6.6 19.8/r 1 4:0 0.6/9 6.6 19.8/r 1 4:
 
0 0.6/10 6.6 19.8/r 1 3:0 0.6/6 9.6 19.8/r 1 4:0 0.6/7 9.6 19.8/r 1 4:0 0.6/8  
9.6 19.8/r 1 4:0 0.6/9 9.6 19.8/r 1 4:0 0.6/10 9.6 19.8/r 1 3:0 0.6/6 12.6 19.8/
 
r 1 3:0 0.6/7 12.6 19.8/r 1 3:0 0.6/8 12.6 19.8/r 1 3:0 0.6/9 12.6 19.8/r 1 3:0 
 
0.6/10 12.6 19.8/r 1 3:0 0.6/)
(5/
1-6  : 1-6 17 18 20 212 r 230 6  240 r 258 6  272 r 290 6  300 r 318 6  332 r  
350 6  360 r 378 6 /)
(6/
1 Name="Собственный вес"  Type=0  Mode=2  Normative  LongTime=1  
 ReliabilityFactor=1.1 /
2 Name="Рапсред"  Type=1  Mode=2  Normative  LongTime=1  ReliabilityFactor=1.05 
/
3 Name="Склад"  Type=1  Mode=7  Normative  LongTime=1  ReliabilityFactor=1.2 /)
(7/

96 3 Load=1  1:115-2514 /

16 3 Load=2  1:265-514 665-914 1065-1314 1465-1714 1865-2114 2265-2514 /

16 3 Load=3  0.5:2346-2349 2351-2354 2356-2359 2370-2373 2375-2378 2380-2383 / 

16 3  2:2066-2069 2071-2074 2076-2079 2081-2084 2090-2093 2095-2098 2100-2103  
2105-2108 /
16 3  3:1146-1149 1151-1154 1156-1159 1161-1164 1170-1173 1175-1178 1180-1183  
1185-1188 1266-1269 1290-1293 1546-1549 1551-1554 1556-1559 1561-1564 1570-1573 
 
1575-1578 1580-1583 1585-1588 1666-1669 1690-1693 /
16 3  4:341-344 346-349 351-354 356-359 361-368 370-373 375-378 380-383 385-388 
 
466-469 471-474 476-479 481-484 486-493 495-498 500-503 505-508 510-513 741-744 
 
746-749 751-754 756-759 761-768 770-773 775-778 780-783 785-788 866-869 871-874 
 
876-879 881-884 886-893 895-898 900-903 905-908 910-913 /)
(33/
EX  0 0 0  GroupElem=2 :12-14 32-34 51 52 67 68 83 84 99 100/

EX  1 0 0  GroupElem=2 :265-514 665-914 1065-1314 1465-1714 1865-2114 2265-2514/

EX  0 0 1  GroupElem=2 :115-264 515-664 915-1064 1315-1464 1715-1864 2115-2264/
)

(47/
Name="1 эт" 2  : 265-514/
Name="2 эт" 2  : 665-914/
Name="3 эт" 2  : 1065-1314/
Name="4 эт" 2  : 1465-1714/
Name="5 эт" 2  : 1865-2114/
Name="6 эт" 2  : 2265-2514/
Name="нар стены" 2  : 115-214 515-614 915-1014 1315-1414 1715-1814 2115-2214/
Name="вн стены" 2  : 215-264 615-664 1015-1064 1415-1464 1815-1864 2215-2264/)
(53/Version=3 Code=8 
Name="1 эт" 103 0 0 0 0 0 0 0 4 4 3 3 0 0 0 0 0 0 0 0 1 1 1 1 0 0 
 "B30"  "" 1 0.9 0.9 0 0 
 "A500"  "A240" 1 1 0 10 0 0 3 1 1 1 0 0 0 0 40 6 0.4 0.3 0 0 0 0 0 3 0 0 0 1 1 
 
1 0 0 0 0 0 0 0 0 0 0 0 0 0 0 0 0 0 0.00666667 0.00666667 0.00666667 0 0 0 0 0  
0 0 0.0007 0.0007 0.0007 1 1 1.1 1 0 0 0 0 0 0 0 0 0 0 0 0 0 0 0 0 0 0 0 0 0 0  
0 0 0 0 0 0 0 0 0 0 0 0 0 0 0 0 0 0 0 0 0 :
265-514/
Name="2 эт" 103 0 0 0 0 0 0 0 4 4 3 3 0 0 0 0 0 0 0 0 1 1 1 1 0 0 
 "B30"  "" 1 0.9 0.9 0 0 
 "A500"  "A240" 1 1 0 10 0 0 3 1 1 1 0 0 0 0 40 6 0.4 0.3 0 0 0 0 0 3 0 0 0 1 1 
 
1 0 0 0 0 0 0 0 0 0 0 0 0 0 0 0 0 0 0.00666667 0.00666667 0.00666667 0 0 0 0 0  
0 0 0.0007 0.0007 0.0007 1 1 1.1 1 0 0 0 0 0 0 0 0 0 0 0 0 0 0 0 0 0 0 0 0 0 0  
0 0 0 0 0 0 0 0 0 0 0 0 0 0 0 0 0 0 0 0 0 :
665-914/
Name="3 эт" 103 0 0 0 0 0 0 0 4 4 3 3 0 0 0 0 0 0 0 0 1 1 1 1 0 0 
 "B30"  "" 1 0.9 0.9 0 0 
 "A500"  "A240" 1 1 0 10 0 0 3 1 1 1 0 0 0 0 40 6 0.4 0.3 0 0 0 0 0 3 0 0 0 1 1 
 
1 0 0 0 0 0 0 0 0 0 0 0 0 0 0 0 0 0 0.00666667 0.00666667 0.00666667 0 0 0 0 0  
0 0 0.0007 0.0007 0.0007 1 1 1.1 1 0 0 0 0 0 0 0 0 0 0 0 0 0 0 0 0 0 0 0 0 0 0  
0 0 0 0 0 0 0 0 0 0 0 0 0 0 0 0 0 0 0 0 0 :
1065-1314/
Name="4 эт" 103 0 0 0 0 0 0 0 4 4 3 3 0 0 0 0 0 0 0 0 1 1 1 1 0 0 
 "B30"  "" 1 0.9 0.9 0 0 
 "A500"  "A240" 1 1 0 10 0 0 3 1 1 1 0 0 0 0 40 6 0.4 0.3 0 0 0 0 0 3 0 0 0 1 1 
 
1 0 0 0 0 0 0 0 0 0 0 0 0 0 0 0 0 0 0.00666667 0.00666667 0.00666667 0 0 0 0 0  
0 0 0.0007 0.0007 0.0007 1 1 1.1 1 0 0 0 0 0 0 0 0 0 0 0 0 0 0 0 0 0 0 0 0 0 0  
0 0 0 0 0 0 0 0 0 0 0 0 0 0 0 0 0 0 0 0 0 :
1465-1714/
Name="5 эт" 103 0 0 0 0 0 0 0 4 4 3 3 0 0 0 0 0 0 0 0 1 1 1 1 0 0 
 "B30"  "" 1 0.9 0.9 0 0 
 "A500"  "A240" 1 1 0 10 0 0 3 1 1 1 0 0 0 0 40 6 0.4 0.3 0 0 0 0 0 3 0 0 0 1 1 
 
1 0 0 0 0 0 0 0 0 0 0 0 0 0 0 0 0 0 0.00666667 0.00666667 0.00666667 0 0 0 0 0  
0 0 0.0007 0.0007 0.0007 1 1 1.1 1 0 0 0 0 0 0 0 0 0 0 0 0 0 0 0 0 0 0 0 0 0 0  
0 0 0 0 0 0 0 0 0 0 0 0 0 0 0 0 0 0 0 0 0 :
1865-2114/
Name="6 эт" 103 0 0 0 0 0 0 0 4 4 3 3 0 0 0 0 0 0 0 0 1 1 1 1 0 0 
 "B30"  "" 1 0.9 0.9 0 0 
 "A500"  "A240" 1 1 0 10 0 0 3 1 1 1 0 0 0 0 40 6 0.4 0.3 0 0 0 0 0 3 0 0 0 1 1 
 
1 0 0 0 0 0 0 0 0 0 0 0 0 0 0 0 0 0 0.00666667 0.00666667 0.00666667 0 0 0 0 0  
0 0 0.0007 0.0007 0.0007 1 1 1.1 1 0 0 0 0 0 0 0 0 0 0 0 0 0 0 0 0 0 0 0 0 0 0  
0 0 0 0 0 0 0 0 0 0 0 0 0 0 0 0 0 0 0 0 0 :
2265-2514/
)
(61/ Quantity=3 NoComb=1
 0 2 0 0 0 0 0 1.1 1 1;
0;
 0; 0/
 1 2 0 0 0 0 0 1.05 1 1;
0;
 0; 0/
 1 7 0 0 0 1 0 1.2 1 1;
0;
 0; 0/)
