(0;Version=21;SubVersion=1/
1;"5 зон";/
2;5/

23;ReliabilityFactor=1.000000 
ReliabilityFactor2=1.000000 
LoadingCode=10 
SteelCode=8 
ConcreteCode=8 
QuantityRodVariable=5 
CheckSolution=1 
NoForceInsert=2 
MemoryProcentGauss=50 
LanczPrec=6 
MaxIterDynForm=100 
MaxNumLancVect=130 
LanczShift=10 
MaxIterStabForm=20 
CoeffIntervalGeom=5 
GibridPlaneStress=1 
GibridPlate=1 
/
5;Standart=0 /

16;0 0/
33;м 1 см 100 Т 1 /)

(1/44 2 1 24 17 25 /44 2 17 25 18 26 /r 1 5:0 0 1 1 1 1 /44 2 23 31 3 32 /44 2  
24 33 25 34 /r 1 7:0 0 1 1 1 1 /44 2 33 42 34 43 /r 1 7:0 0 1 1 1 1 /44 2 42 51 
 
43 52 /r 1 7:0 0 1 1 1 1 /44 2 51 60 52 61 /r 1 7:0 0 1 1 1 1 /44 2 60 69 61 70 
/r 1 7:0 0 1 1 1 1 /44 2 69 78 70 79 /r 1 7:0 0 1 1 1 1 /44 2 78 2 79 87 /44 2  
79 87 80 88 /r 1 5:0 0 1 1 1 1 /44 2 85 93 86 4 /44 2 2 94 87 95 /44 2 87 95 88 
 
96 /r 1 5:0 0 1 1 1 1 /44 2 93 101 4 102 /44 2 94 103 95 104 /r 1 7:0 0 1 1 1 1 
/44 2 103 112 104 113 /r 1 7:0 0 1 1 1 1 /44 2 112 121 113 122 /r 1 7:0 0 1 1 1 
 
1 /44 2 121 130 122 131 /r 1 7:0 0 1 1 1 1 /44 2 130 139 131 140 /r 1 7:0 0 1 1 
 
1 1 /44 2 139 148 140 149 /r 1 7:0 0 1 1 1 1 /44 2 148 5 149 157 /44 2 149 157  
150 158 /r 1 5:0 0 1 1 1 1 /44 2 155 163 156 6 /44 2 5 164 157 165 /44 2 157  
165 158 166 /r 1 5:0 0 1 1 1 1 /44 2 163 171 6 172 /44 2 164 173 165 174 /r 1 7:
 
0 0 1 1 1 1 /44 2 173 182 174 183 /r 1 7:0 0 1 1 1 1 /44 2 182 191 183 192 /r 1 
 
7:0 0 1 1 1 1 /44 2 191 200 192 201 /r 1 7:0 0 1 1 1 1 /44 2 200 209 201 210 /r 
 
1 7:0 0 1 1 1 1 /44 2 209 218 210 219 /r 1 7:0 0 1 1 1 1 /44 2 218 7 219 227 / 
44 2 219 227 220 228 /r 1 5:0 0 1 1 1 1 /44 2 225 233 226 8 /44 1 9 241 234 242 
/44 1 234 242 235 243 /r 1 5:0 0 1 1 1 1 /44 1 240 248 1 24 /44 1 241 249 242  
250 /r 1 6:0 0 1 1 1 1 /44 1 248 256 24 33 /44 1 249 257 250 258 /r 1 6:0 0 1 1 
 
1 1 /44 1 256 264 33 42 /44 1 257 265 258 266 /r 1 6:0 0 1 1 1 1 /44 1 264 272  
42 51 /44 1 265 273 266 274 /r 1 6:0 0 1 1 1 1 /44 1 272 280 51 60 /44 1 273  
281 274 282 /r 1 6:0 0 1 1 1 1 /44 1 280 288 60 69 /44 1 281 289 282 290 /r 1 6:
 
0 0 1 1 1 1 /44 1 288 296 69 78 /44 1 289 10 290 297 /44 1 290 297 291 298 /r 1 
 
5:0 0 1 1 1 1 /44 1 296 303 78 2 /44 1 10 304 297 305 /44 1 297 305 298 306 /r  
1 5:0 0 1 1 1 1 /44 1 303 311 2 94 /44 1 304 312 305 313 /r 1 6:0 0 1 1 1 1 /44 
 
1 311 319 94 103 /44 1 312 320 313 321 /r 1 6:0 0 1 1 1 1 /44 1 319 327 103 112 
/44 1 320 328 321 329 /r 1 6:0 0 1 1 1 1 /44 1 327 335 112 121 /44 1 328 336  
329 337 /r 1 6:0 0 1 1 1 1 /44 1 335 343 121 130 /44 1 336 344 337 345 /r 1 6:0 
 
0 1 1 1 1 /44 1 343 351 130 139 /44 1 344 352 345 353 /r 1 6:0 0 1 1 1 1 /44 1  
351 359 139 148 /44 1 352 13 353 360 /44 1 353 360 354 361 /r 1 5:0 0 1 1 1 1 / 
44 1 359 366 148 5 /44 1 13 367 360 368 /44 1 360 368 361 369 /r 1 5:0 0 1 1 1  
1 /44 1 366 374 5 164 /44 1 367 375 368 376 /r 1 6:0 0 1 1 1 1 /44 1 374 382  
164 173 /44 1 375 383 376 384 /r 1 6:0 0 1 1 1 1 /44 1 382 390 173 182 /44 1  
383 391 384 392 /r 1 6:0 0 1 1 1 1 /44 1 390 398 182 191 /44 1 391 399 392 400 /
 
r 1 6:0 0 1 1 1 1 /44 1 398 406 191 200 /44 1 399 407 400 408 /r 1 6:0 0 1 1 1  
1 /44 1 406 414 200 209 /44 1 407 415 408 416 /r 1 6:0 0 1 1 1 1 /44 1 414 422  
209 218 /44 1 415 15 416 423 /44 1 416 423 417 424 /r 1 5:0 0 1 1 1 1 /44 1 422 
 
429 218 7 /44 1 12 437 430 438 /44 1 430 438 431 439 /r 1 5:0 0 1 1 1 1 /44 1  
436 444 4 86 /44 1 437 445 438 446 /r 1 6:0 0 1 1 1 1 /44 1 444 452 86 77 /44 1 
 
445 453 446 454 /r 1 6:0 0 1 1 1 1 /44 1 452 460 77 68 /44 1 453 461 454 462 /r 
 
1 6:0 0 1 1 1 1 /44 1 460 468 68 59 /44 1 461 469 462 470 /r 1 6:0 0 1 1 1 1 / 
44 1 468 476 59 50 /44 1 469 477 470 478 /r 1 6:0 0 1 1 1 1 /44 1 476 484 50 41 
/44 1 477 485 478 486 /r 1 6:0 0 1 1 1 1 /44 1 484 492 41 32 /44 1 485 11 486  
493 /44 1 486 493 487 494 /r 1 5:0 0 1 1 1 1 /44 1 492 499 32 3 /44 1 14 507  
500 508 /44 1 500 508 501 509 /r 1 5:0 0 1 1 1 1 /44 1 506 514 6 156 /44 1 507  
515 508 516 /r 1 6:0 0 1 1 1 1 /44 1 514 522 156 147 /44 1 515 523 516 524 /r 1 
 
6:0 0 1 1 1 1 /44 1 522 530 147 138 /44 1 523 531 524 532 /r 1 6:0 0 1 1 1 1 / 
44 1 530 538 138 129 /44 1 531 539 532 540 /r 1 6:0 0 1 1 1 1 /44 1 538 546 129 
 
120 /44 1 539 547 540 548 /r 1 6:0 0 1 1 1 1 /44 1 546 554 120 111 /44 1 547  
555 548 556 /r 1 6:0 0 1 1 1 1 /44 1 554 562 111 102 /44 1 555 12 556 430 /44 1 
 
556 430 557 431 /r 1 5:0 0 1 1 1 1 /44 1 562 436 102 4 /44 1 16 570 563 571 /44 
 
1 563 571 564 572 /r 1 5:0 0 1 1 1 1 /44 1 569 577 8 226 /44 1 570 578 571 579 /
 
r 1 6:0 0 1 1 1 1 /44 1 577 585 226 217 /44 1 578 586 579 587 /r 1 6:0 0 1 1 1  
1 /44 1 585 593 217 208 /44 1 586 594 587 595 /r 1 6:0 0 1 1 1 1 /44 1 593 601  
208 199 /44 1 594 602 595 603 /r 1 6:0 0 1 1 1 1 /44 1 601 609 199 190 /44 1  
602 610 603 611 /r 1 6:0 0 1 1 1 1 /44 1 609 617 190 181 /44 1 610 618 611 619 /
 
r 1 6:0 0 1 1 1 1 /44 1 617 625 181 172 /44 1 618 14 619 500 /44 1 619 500 620  
501 /r 1 5:0 0 1 1 1 1 /44 1 625 506 172 6 /44 2 3 32 634 641 /44 2 634 641 635 
 
642 /r 1 5:0 0 1 1 1 1 /44 2 640 647 626 648 /44 2 32 41 641 649 /44 2 641 649  
642 650 /r 1 6:0 0 1 1 1 1 /44 2 41 50 649 657 /44 2 649 657 650 658 /r 1 6:0 0 
 
1 1 1 1 /44 2 50 59 657 665 /44 2 657 665 658 666 /r 1 6:0 0 1 1 1 1 /44 2 59  
68 665 673 /44 2 665 673 666 674 /r 1 6:0 0 1 1 1 1 /44 2 68 77 673 681 /44 2  
673 681 674 682 /r 1 6:0 0 1 1 1 1 /44 2 77 86 681 689 /44 2 681 689 682 690 /r 
 
1 6:0 0 1 1 1 1 /44 2 86 4 689 697 /44 2 689 697 690 698 /r 1 5:0 0 1 1 1 1 /44 
 
2 695 703 696 627 /44 2 4 102 697 704 /44 2 697 704 698 705 /r 1 5:0 0 1 1 1 1 /
 
44 2 703 710 627 711 /44 2 102 111 704 712 /44 2 704 712 705 713 /r 1 6:0 0 1 1 
 
1 1 /44 2 111 120 712 720 /44 2 712 720 713 721 /r 1 6:0 0 1 1 1 1 /44 2 120  
129 720 728 /44 2 720 728 721 729 /r 1 6:0 0 1 1 1 1 /44 2 129 138 728 736 /44  
2 728 736 729 737 /r 1 6:0 0 1 1 1 1 /44 2 138 147 736 744 /44 2 736 744 737  
745 /r 1 6:0 0 1 1 1 1 /44 2 147 156 744 752 /44 2 744 752 745 753 /r 1 6:0 0 1 
 
1 1 1 /44 2 156 6 752 760 /44 2 752 760 753 761 /r 1 5:0 0 1 1 1 1 /44 2 758  
766 759 628 /44 2 6 172 760 767 /44 2 760 767 761 768 /r 1 5:0 0 1 1 1 1 /44 2  
766 773 628 774 /44 2 172 181 767 775 /44 2 767 775 768 776 /r 1 6:0 0 1 1 1 1 /
 
44 2 181 190 775 783 /44 2 775 783 776 784 /r 1 6:0 0 1 1 1 1 /44 2 190 199 783 
 
791 /44 2 783 791 784 792 /r 1 6:0 0 1 1 1 1 /44 2 199 208 791 799 /44 2 791  
799 792 800 /r 1 6:0 0 1 1 1 1 /44 2 208 217 799 807 /44 2 799 807 800 808 /r 1 
 
6:0 0 1 1 1 1 /44 2 217 226 807 815 /44 2 807 815 808 816 /r 1 6:0 0 1 1 1 1 / 
44 2 226 8 815 823 /44 2 815 823 816 824 /r 1 5:0 0 1 1 1 1 /44 2 821 829 822  
629 /44 1 631 837 830 838 /44 1 830 838 831 839 /r 1 5:0 0 1 1 1 1 /44 1 836  
844 627 696 /44 1 837 845 838 846 /r 1 6:0 0 1 1 1 1 /44 1 844 852 696 688 /44  
1 845 853 846 854 /r 1 6:0 0 1 1 1 1 /44 1 852 860 688 680 /44 1 853 861 854  
862 /r 1 6:0 0 1 1 1 1 /44 1 860 868 680 672 /44 1 861 869 862 870 /r 1 6:0 0 1 
 
1 1 1 /44 1 868 876 672 664 /44 1 869 877 870 878 /r 1 6:0 0 1 1 1 1 /44 1 876  
884 664 656 /44 1 877 885 878 886 /r 1 6:0 0 1 1 1 1 /44 1 884 892 656 648 /44  
1 885 630 886 893 /44 1 886 893 887 894 /r 1 5:0 0 1 1 1 1 /44 1 892 899 648  
626 /44 1 632 907 900 908 /44 1 900 908 901 909 /r 1 5:0 0 1 1 1 1 /44 1 906  
914 628 759 /44 1 907 915 908 916 /r 1 6:0 0 1 1 1 1 /44 1 914 922 759 751 /44  
1 915 923 916 924 /r 1 6:0 0 1 1 1 1 /44 1 922 930 751 743 /44 1 923 931 924  
932 /r 1 6:0 0 1 1 1 1 /44 1 930 938 743 735 /44 1 931 939 932 940 /r 1 6:0 0 1 
 
1 1 1 /44 1 938 946 735 727 /44 1 939 947 940 948 /r 1 6:0 0 1 1 1 1 /44 1 946  
954 727 719 /44 1 947 955 948 956 /r 1 6:0 0 1 1 1 1 /44 1 954 962 719 711 /44  
1 955 631 956 830 /44 1 956 830 957 831 /r 1 5:0 0 1 1 1 1 /44 1 962 836 711  
627 /44 1 633 970 963 971 /44 1 963 971 964 972 /r 1 5:0 0 1 1 1 1 /44 1 969  
977 629 822 /44 1 970 978 971 979 /r 1 6:0 0 1 1 1 1 /44 1 977 985 822 814 /44  
1 978 986 979 987 /r 1 6:0 0 1 1 1 1 /44 1 985 993 814 806 /44 1 986 994 987  
995 /r 1 6:0 0 1 1 1 1 /44 1 993 1001 806 798 /44 1 994 1002 995 1003 /r 1 6:0  
0 1 1 1 1 /44 1 1001 1009 798 790 /44 1 1002 1010 1003 1011 /r 1 6:0 0 1 1 1 1 /
 
44 1 1009 1017 790 782 /44 1 1010 1018 1011 1019 /r 1 6:0 0 1 1 1 1 /44 1 1017  
1025 782 774 /44 1 1018 632 1019 900 /44 1 1019 900 1020 901 /r 1 5:0 0 1 1 1 1 
/44 1 1025 906 774 628 /44 2 626 648 1034 1041 /44 2 1034 1041 1035 1042 /r 1 5:
 
0 0 1 1 1 1 /44 2 1040 1047 1026 1048 /44 2 648 656 1041 1049 /44 2 1041 1049  
1042 1050 /r 1 6:0 0 1 1 1 1 /44 2 656 664 1049 1057 /44 2 1049 1057 1050 1058 /
 
r 1 6:0 0 1 1 1 1 /44 2 664 672 1057 1065 /44 2 1057 1065 1058 1066 /r 1 6:0 0  
1 1 1 1 /44 2 672 680 1065 1073 /44 2 1065 1073 1066 1074 /r 1 6:0 0 1 1 1 1 / 
44 2 680 688 1073 1081 /44 2 1073 1081 1074 1082 /r 1 6:0 0 1 1 1 1 /44 2 688  
696 1081 1089 /44 2 1081 1089 1082 1090 /r 1 6:0 0 1 1 1 1 /44 2 696 627 1089  
1097 /44 2 1089 1097 1090 1098 /r 1 5:0 0 1 1 1 1 /44 2 1095 1103 1096 1027 /44 
 
2 627 711 1097 1104 /44 2 1097 1104 1098 1105 /r 1 5:0 0 1 1 1 1 /44 2 1103  
1110 1027 1111 /44 2 711 719 1104 1112 /44 2 1104 1112 1105 1113 /r 1 6:0 0 1 1 
 
1 1 /44 2 719 727 1112 1120 /44 2 1112 1120 1113 1121 /r 1 6:0 0 1 1 1 1 /44 2  
727 735 1120 1128 /44 2 1120 1128 1121 1129 /r 1 6:0 0 1 1 1 1 /44 2 735 743  
1128 1136 /44 2 1128 1136 1129 1137 /r 1 6:0 0 1 1 1 1 /44 2 743 751 1136 1144 /
 
44 2 1136 1144 1137 1145 /r 1 6:0 0 1 1 1 1 /44 2 751 759 1144 1152 /44 2 1144  
1152 1145 1153 /r 1 6:0 0 1 1 1 1 /44 2 759 628 1152 1160 /44 2 1152 1160 1153  
1161 /r 1 5:0 0 1 1 1 1 /44 2 1158 1166 1159 1028 /44 2 628 774 1160 1167 /44 2 
 
1160 1167 1161 1168 /r 1 5:0 0 1 1 1 1 /44 2 1166 1173 1028 1174 /44 2 774 782  
1167 1175 /44 2 1167 1175 1168 1176 /r 1 6:0 0 1 1 1 1 /44 2 782 790 1175 1183 /
 
44 2 1175 1183 1176 1184 /r 1 6:0 0 1 1 1 1 /44 2 790 798 1183 1191 /44 2 1183  
1191 1184 1192 /r 1 6:0 0 1 1 1 1 /44 2 798 806 1191 1199 /44 2 1191 1199 1192  
1200 /r 1 6:0 0 1 1 1 1 /44 2 806 814 1199 1207 /44 2 1199 1207 1200 1208 /r 1  
6:0 0 1 1 1 1 /44 2 814 822 1207 1215 /44 2 1207 1215 1208 1216 /r 1 6:0 0 1 1  
1 1 /44 2 822 629 1215 1223 /44 2 1215 1223 1216 1224 /r 1 5:0 0 1 1 1 1 /44 2  
1221 1229 1222 1029 /44 1 1031 1237 1230 1238 /44 1 1230 1238 1231 1239 /r 1 5: 
0 0 1 1 1 1 /44 1 1236 1244 1027 1096 /44 1 1237 1245 1238 1246 /r 1 6:0 0 1 1  
1 1 /44 1 1244 1252 1096 1088 /44 1 1245 1253 1246 1254 /r 1 6:0 0 1 1 1 1 /44  
1 1252 1260 1088 1080 /44 1 1253 1261 1254 1262 /r 1 6:0 0 1 1 1 1 /44 1 1260  
1268 1080 1072 /44 1 1261 1269 1262 1270 /r 1 6:0 0 1 1 1 1 /44 1 1268 1276  
1072 1064 /44 1 1269 1277 1270 1278 /r 1 6:0 0 1 1 1 1 /44 1 1276 1284 1064  
1056 /44 1 1277 1285 1278 1286 /r 1 6:0 0 1 1 1 1 /44 1 1284 1292 1056 1048 /44 
 
1 1285 1030 1286 1293 /44 1 1286 1293 1287 1294 /r 1 5:0 0 1 1 1 1 /44 1 1292  
1299 1048 1026 /44 1 1032 1307 1300 1308 /44 1 1300 1308 1301 1309 /r 1 5:0 0 1 
 
1 1 1 /44 1 1306 1314 1028 1159 /44 1 1307 1315 1308 1316 /r 1 6:0 0 1 1 1 1 / 
44 1 1314 1322 1159 1151 /44 1 1315 1323 1316 1324 /r 1 6:0 0 1 1 1 1 /44 1  
1322 1330 1151 1143 /44 1 1323 1331 1324 1332 /r 1 6:0 0 1 1 1 1 /44 1 1330  
1338 1143 1135 /44 1 1331 1339 1332 1340 /r 1 6:0 0 1 1 1 1 /44 1 1338 1346  
1135 1127 /44 1 1339 1347 1340 1348 /r 1 6:0 0 1 1 1 1 /44 1 1346 1354 1127  
1119 /44 1 1347 1355 1348 1356 /r 1 6:0 0 1 1 1 1 /44 1 1354 1362 1119 1111 /44 
 
1 1355 1031 1356 1230 /44 1 1356 1230 1357 1231 /r 1 5:0 0 1 1 1 1 /44 1 1362  
1236 1111 1027 /44 1 1033 1370 1363 1371 /44 1 1363 1371 1364 1372 /r 1 5:0 0 1 
 
1 1 1 /44 1 1369 1377 1029 1222 /44 1 1370 1378 1371 1379 /r 1 6:0 0 1 1 1 1 / 
44 1 1377 1385 1222 1214 /44 1 1378 1386 1379 1387 /r 1 6:0 0 1 1 1 1 /44 1  
1385 1393 1214 1206 /44 1 1386 1394 1387 1395 /r 1 6:0 0 1 1 1 1 /44 1 1393  
1401 1206 1198 /44 1 1394 1402 1395 1403 /r 1 6:0 0 1 1 1 1 /44 1 1401 1409  
1198 1190 /44 1 1402 1410 1403 1411 /r 1 6:0 0 1 1 1 1 /44 1 1409 1417 1190  
1182 /44 1 1410 1418 1411 1419 /r 1 6:0 0 1 1 1 1 /44 1 1417 1425 1182 1174 /44 
 
1 1418 1032 1419 1300 /44 1 1419 1300 1420 1301 /r 1 5:0 0 1 1 1 1 /44 1 1425  
1306 1174 1028 /44 2 1026 1048 1434 1441 /44 2 1434 1441 1435 1442 /r 1 5:0 0 1 
 
1 1 1 /44 2 1440 1447 1426 1448 /44 2 1048 1056 1441 1449 /44 2 1441 1449 1442  
1450 /r 1 6:0 0 1 1 1 1 /44 2 1056 1064 1449 1457 /44 2 1449 1457 1450 1458 /r  
1 6:0 0 1 1 1 1 /44 2 1064 1072 1457 1465 /44 2 1457 1465 1458 1466 /r 1 6:0 0  
1 1 1 1 /44 2 1072 1080 1465 1473 /44 2 1465 1473 1466 1474 /r 1 6:0 0 1 1 1 1 /
 
44 2 1080 1088 1473 1481 /44 2 1473 1481 1474 1482 /r 1 6:0 0 1 1 1 1 /44 2  
1088 1096 1481 1489 /44 2 1481 1489 1482 1490 /r 1 6:0 0 1 1 1 1 /44 2 1096  
1027 1489 1497 /44 2 1489 1497 1490 1498 /r 1 5:0 0 1 1 1 1 /44 2 1495 1503  
1496 1427 /44 2 1027 1111 1497 1504 /44 2 1497 1504 1498 1505 /r 1 5:0 0 1 1 1  
1 /44 2 1503 1510 1427 1511 /44 2 1111 1119 1504 1512 /44 2 1504 1512 1505 1513 
/r 1 6:0 0 1 1 1 1 /44 2 1119 1127 1512 1520 /44 2 1512 1520 1513 1521 /r 1 6:0 
 
0 1 1 1 1 /44 2 1127 1135 1520 1528 /44 2 1520 1528 1521 1529 /r 1 6:0 0 1 1 1  
1 /44 2 1135 1143 1528 1536 /44 2 1528 1536 1529 1537 /r 1 6:0 0 1 1 1 1 /44 2  
1143 1151 1536 1544 /44 2 1536 1544 1537 1545 /r 1 6:0 0 1 1 1 1 /44 2 1151  
1159 1544 1552 /44 2 1544 1552 1545 1553 /r 1 6:0 0 1 1 1 1 /44 2 1159 1028  
1552 1560 /44 2 1552 1560 1553 1561 /r 1 5:0 0 1 1 1 1 /44 2 1558 1566 1559  
1428 /44 2 1028 1174 1560 1567 /44 2 1560 1567 1561 1568 /r 1 5:0 0 1 1 1 1 /44 
 
2 1566 1573 1428 1574 /44 2 1174 1182 1567 1575 /44 2 1567 1575 1568 1576 /r 1  
6:0 0 1 1 1 1 /44 2 1182 1190 1575 1583 /44 2 1575 1583 1576 1584 /r 1 6:0 0 1  
1 1 1 /44 2 1190 1198 1583 1591 /44 2 1583 1591 1584 1592 /r 1 6:0 0 1 1 1 1 / 
44 2 1198 1206 1591 1599 /44 2 1591 1599 1592 1600 /r 1 6:0 0 1 1 1 1 /44 2  
1206 1214 1599 1607 /44 2 1599 1607 1600 1608 /r 1 6:0 0 1 1 1 1 /44 2 1214  
1222 1607 1615 /44 2 1607 1615 1608 1616 /r 1 6:0 0 1 1 1 1 /44 2 1222 1029  
1615 1623 /44 2 1615 1623 1616 1624 /r 1 5:0 0 1 1 1 1 /44 2 1621 1629 1622  
1429 /44 1 1431 1637 1630 1638 /44 1 1630 1638 1631 1639 /r 1 5:0 0 1 1 1 1 /44 
 
1 1636 1644 1427 1496 /44 1 1637 1645 1638 1646 /r 1 6:0 0 1 1 1 1 /44 1 1644  
1652 1496 1488 /44 1 1645 1653 1646 1654 /r 1 6:0 0 1 1 1 1 /44 1 1652 1660  
1488 1480 /44 1 1653 1661 1654 1662 /r 1 6:0 0 1 1 1 1 /44 1 1660 1668 1480  
1472 /44 1 1661 1669 1662 1670 /r 1 6:0 0 1 1 1 1 /44 1 1668 1676 1472 1464 /44 
 
1 1669 1677 1670 1678 /r 1 6:0 0 1 1 1 1 /44 1 1676 1684 1464 1456 /44 1 1677  
1685 1678 1686 /r 1 6:0 0 1 1 1 1 /44 1 1684 1692 1456 1448 /44 1 1685 1430  
1686 1693 /44 1 1686 1693 1687 1694 /r 1 5:0 0 1 1 1 1 /44 1 1692 1699 1448  
1426 /44 1 1432 1707 1700 1708 /44 1 1700 1708 1701 1709 /r 1 5:0 0 1 1 1 1 /44 
 
1 1706 1714 1428 1559 /44 1 1707 1715 1708 1716 /r 1 6:0 0 1 1 1 1 /44 1 1714  
1722 1559 1551 /44 1 1715 1723 1716 1724 /r 1 6:0 0 1 1 1 1 /44 1 1722 1730  
1551 1543 /44 1 1723 1731 1724 1732 /r 1 6:0 0 1 1 1 1 /44 1 1730 1738 1543  
1535 /44 1 1731 1739 1732 1740 /r 1 6:0 0 1 1 1 1 /44 1 1738 1746 1535 1527 /44 
 
1 1739 1747 1740 1748 /r 1 6:0 0 1 1 1 1 /44 1 1746 1754 1527 1519 /44 1 1747  
1755 1748 1756 /r 1 6:0 0 1 1 1 1 /44 1 1754 1762 1519 1511 /44 1 1755 1431  
1756 1630 /44 1 1756 1630 1757 1631 /r 1 5:0 0 1 1 1 1 /44 1 1762 1636 1511  
1427 /44 1 1433 1770 1763 1771 /44 1 1763 1771 1764 1772 /r 1 5:0 0 1 1 1 1 /44 
 
1 1769 1777 1429 1622 /44 1 1770 1778 1771 1779 /r 1 6:0 0 1 1 1 1 /44 1 1777  
1785 1622 1614 /44 1 1778 1786 1779 1787 /r 1 6:0 0 1 1 1 1 /44 1 1785 1793  
1614 1606 /44 1 1786 1794 1787 1795 /r 1 6:0 0 1 1 1 1 /44 1 1793 1801 1606  
1598 /44 1 1794 1802 1795 1803 /r 1 6:0 0 1 1 1 1 /44 1 1801 1809 1598 1590 /44 
 
1 1802 1810 1803 1811 /r 1 6:0 0 1 1 1 1 /44 1 1809 1817 1590 1582 /44 1 1810  
1818 1811 1819 /r 1 6:0 0 1 1 1 1 /44 1 1817 1825 1582 1574 /44 1 1818 1432  
1819 1700 /44 1 1819 1700 1820 1701 /r 1 5:0 0 1 1 1 1 /44 1 1825 1706 1574  
1428 /44 2 1426 1448 1834 1841 /44 2 1834 1841 1835 1842 /r 1 5:0 0 1 1 1 1 /44 
 
2 1840 1847 1826 1848 /44 2 1448 1456 1841 1849 /44 2 1841 1849 1842 1850 /r 1  
6:0 0 1 1 1 1 /44 2 1456 1464 1849 1857 /44 2 1849 1857 1850 1858 /r 1 6:0 0 1  
1 1 1 /44 2 1464 1472 1857 1865 /44 2 1857 1865 1858 1866 /r 1 6:0 0 1 1 1 1 / 
44 2 1472 1480 1865 1873 /44 2 1865 1873 1866 1874 /r 1 6:0 0 1 1 1 1 /44 2  
1480 1488 1873 1881 /44 2 1873 1881 1874 1882 /r 1 6:0 0 1 1 1 1 /44 2 1488  
1496 1881 1889 /44 2 1881 1889 1882 1890 /r 1 6:0 0 1 1 1 1 /44 2 1496 1427  
1889 1897 /44 2 1889 1897 1890 1898 /r 1 5:0 0 1 1 1 1 /44 2 1895 1903 1896  
1827 /44 2 1427 1511 1897 1904 /44 2 1897 1904 1898 1905 /r 1 5:0 0 1 1 1 1 /44 
 
2 1903 1910 1827 1911 /44 2 1511 1519 1904 1912 /44 2 1904 1912 1905 1913 /r 1  
6:0 0 1 1 1 1 /44 2 1519 1527 1912 1920 /44 2 1912 1920 1913 1921 /r 1 6:0 0 1  
1 1 1 /44 2 1527 1535 1920 1928 /44 2 1920 1928 1921 1929 /r 1 6:0 0 1 1 1 1 / 
44 2 1535 1543 1928 1936 /44 2 1928 1936 1929 1937 /r 1 6:0 0 1 1 1 1 /44 2  
1543 1551 1936 1944 /44 2 1936 1944 1937 1945 /r 1 6:0 0 1 1 1 1 /44 2 1551  
1559 1944 1952 /44 2 1944 1952 1945 1953 /r 1 6:0 0 1 1 1 1 /44 2 1559 1428  
1952 1960 /44 2 1952 1960 1953 1961 /r 1 5:0 0 1 1 1 1 /44 2 1958 1966 1959  
1828 /44 2 1428 1574 1960 1967 /44 2 1960 1967 1961 1968 /r 1 5:0 0 1 1 1 1 /44 
 
2 1966 1973 1828 1974 /44 2 1574 1582 1967 1975 /44 2 1967 1975 1968 1976 /r 1  
6:0 0 1 1 1 1 /44 2 1582 1590 1975 1983 /44 2 1975 1983 1976 1984 /r 1 6:0 0 1  
1 1 1 /44 2 1590 1598 1983 1991 /44 2 1983 1991 1984 1992 /r 1 6:0 0 1 1 1 1 / 
44 2 1598 1606 1991 1999 /44 2 1991 1999 1992 2000 /r 1 6:0 0 1 1 1 1 /44 2  
1606 1614 1999 2007 /44 2 1999 2007 2000 2008 /r 1 6:0 0 1 1 1 1 /44 2 1614  
1622 2007 2015 /44 2 2007 2015 2008 2016 /r 1 6:0 0 1 1 1 1 /44 2 1622 1429  
2015 2023 /44 2 2015 2023 2016 2024 /r 1 5:0 0 1 1 1 1 /44 2 2021 2029 2022  
1829 /44 1 1831 2037 2030 2038 /44 1 2030 2038 2031 2039 /r 1 5:0 0 1 1 1 1 /44 
 
1 2036 2044 1827 1896 /44 1 2037 2045 2038 2046 /r 1 6:0 0 1 1 1 1 /44 1 2044  
2052 1896 1888 /44 1 2045 2053 2046 2054 /r 1 6:0 0 1 1 1 1 /44 1 2052 2060  
1888 1880 /44 1 2053 2061 2054 2062 /r 1 6:0 0 1 1 1 1 /44 1 2060 2068 1880  
1872 /44 1 2061 2069 2062 2070 /r 1 6:0 0 1 1 1 1 /44 1 2068 2076 1872 1864 /44 
 
1 2069 2077 2070 2078 /r 1 6:0 0 1 1 1 1 /44 1 2076 2084 1864 1856 /44 1 2077  
2085 2078 2086 /r 1 6:0 0 1 1 1 1 /44 1 2084 2092 1856 1848 /44 1 2085 1830  
2086 2093 /44 1 2086 2093 2087 2094 /r 1 5:0 0 1 1 1 1 /44 1 2092 2099 1848  
1826 /44 1 1832 2107 2100 2108 /44 1 2100 2108 2101 2109 /r 1 5:0 0 1 1 1 1 /44 
 
1 2106 2114 1828 1959 /44 1 2107 2115 2108 2116 /r 1 6:0 0 1 1 1 1 /44 1 2114  
2122 1959 1951 /44 1 2115 2123 2116 2124 /r 1 6:0 0 1 1 1 1 /44 1 2122 2130  
1951 1943 /44 1 2123 2131 2124 2132 /r 1 6:0 0 1 1 1 1 /44 1 2130 2138 1943  
1935 /44 1 2131 2139 2132 2140 /r 1 6:0 0 1 1 1 1 /44 1 2138 2146 1935 1927 /44 
 
1 2139 2147 2140 2148 /r 1 6:0 0 1 1 1 1 /44 1 2146 2154 1927 1919 /44 1 2147  
2155 2148 2156 /r 1 6:0 0 1 1 1 1 /44 1 2154 2162 1919 1911 /44 1 2155 1831  
2156 2030 /44 1 2156 2030 2157 2031 /r 1 5:0 0 1 1 1 1 /44 1 2162 2036 1911  
1827 /44 1 1833 2170 2163 2171 /44 1 2163 2171 2164 2172 /r 1 5:0 0 1 1 1 1 /44 
 
1 2169 2177 1829 2022 /44 1 2170 2178 2171 2179 /r 1 6:0 0 1 1 1 1 /44 1 2177  
2185 2022 2014 /44 1 2178 2186 2179 2187 /r 1 6:0 0 1 1 1 1 /44 1 2185 2193  
2014 2006 /44 1 2186 2194 2187 2195 /r 1 6:0 0 1 1 1 1 /44 1 2193 2201 2006  
1998 /44 1 2194 2202 2195 2203 /r 1 6:0 0 1 1 1 1 /44 1 2201 2209 1998 1990 /44 
 
1 2202 2210 2203 2211 /r 1 6:0 0 1 1 1 1 /44 1 2209 2217 1990 1982 /44 1 2210  
2218 2211 2219 /r 1 6:0 0 1 1 1 1 /44 1 2217 2225 1982 1974 /44 1 2218 1832  
2219 2100 /44 1 2219 2100 2220 2101 /r 1 5:0 0 1 1 1 1 /44 1 2225 2106 1974  
1828 /)
(3/
1 GE 3.31e+006 0.2 0.2 RO 2.5 TMP 1e-005 1e-005
    Material="{731D5A56-E0CB-4F3D-A2D0-F191A5203219}"  Name "Стена"/
2 GE 3.31e+006 0.2 1 RO 2.5 TMP 1e-005 1e-005
    Material="{731D5A56-E0CB-4F3D-A2D0-F191A5203219}"  Name "Плита"/)
(4/0 /6 /0 6/6 6/9 3/9 9/12 6/12 12/0 0 -6/6 0 -6/0 6 -6/6 6 -6/9 3 -6/9 9 -6/ 
12 6 -6/12 12 -6/0 0.75/r 1 6:0 0.75/0.75 /r 1 8:0 0.75/1.5 /r 1 8:0 0.75/2.25 /
 
r 1 8:0 0.75/3 /r 1 8:0 0.75/3.75 /r 1 8:0 0.75/4.5 /r 1 8:0 0.75/5.25 /r 1 8:0 
 
0.75/6 0.75/r 1 6:0 0.75/6.375 0.375/r 1 8:0 0.75/6.75 0.75/r 1 8:0 0.75/7.125  
1.125/r 1 8:0 0.75/7.5 1.5/r 1 8:0 0.75/7.875 1.875/r 1 8:0 0.75/8.25 2.25/r 1  
8:0 0.75/8.625 2.625/r 1 8:0 0.75/9 3.75/r 1 6:0 0.75/9.375 3.375/r 1 8:0 0.75/ 
9.75 3.75/r 1 8:0 0.75/10.125 4.125/r 1 8:0 0.75/10.5 4.5/r 1 8:0 0.75/10.875  
4.875/r 1 8:0 0.75/11.25 5.25/r 1 8:0 0.75/11.625 5.625/r 1 8:0 0.75/12 6.75/r  
1 6:0 0.75/0 0 -5.25/r 1 6:0 0 0.75/0.75 0 -6/r 1 7:0 0 0.75/1.5 0 -6/r 1 7:0 0 
 
0.75/2.25 0 -6/r 1 7:0 0 0.75/3 0 -6/r 1 7:0 0 0.75/3.75 0 -6/r 1 7:0 0 0.75/ 
4.5 0 -6/r 1 7:0 0 0.75/5.25 0 -6/r 1 7:0 0 0.75/6 0 -5.25/r 1 6:0 0 0.75/6.375 
 
0.375 -6/r 1 7:0 0 0.75/6.75 0.75 -6/r 1 7:0 0 0.75/7.125 1.125 -6/r 1 7:0 0  
0.75/7.5 1.5 -6/r 1 7:0 0 0.75/7.875 1.875 -6/r 1 7:0 0 0.75/8.25 2.25 -6/r 1 7:
 
0 0 0.75/8.625 2.625 -6/r 1 7:0 0 0.75/9 3 -5.25/r 1 6:0 0 0.75/9.375 3.375 -6/ 
r 1 7:0 0 0.75/9.75 3.75 -6/r 1 7:0 0 0.75/10.125 4.125 -6/r 1 7:0 0 0.75/10.5  
4.5 -6/r 1 7:0 0 0.75/10.875 4.875 -6/r 1 7:0 0 0.75/11.25 5.25 -6/r 1 7:0 0  
0.75/11.625 5.625 -6/r 1 7:0 0 0.75/12 6 -5.25/r 1 6:0 0 0.75/6 6 -5.25/r 1 6:0 
 
0 0.75/5.25 6 -6/r 1 7:0 0 0.75/4.5 6 -6/r 1 7:0 0 0.75/3.75 6 -6/r 1 7:0 0  
0.75/3 6 -6/r 1 7:0 0 0.75/2.25 6 -6/r 1 7:0 0 0.75/1.5 6 -6/r 1 7:0 0 0.75/ 
0.75 6 -6/r 1 7:0 0 0.75/0 6 -5.25/r 1 6:0 0 0.75/9 9 -5.25/r 1 6:0 0 0.75/ 
8.625 8.625 -6/r 1 7:0 0 0.75/8.25 8.25 -6/r 1 7:0 0 0.75/7.875 7.875 -6/r 1 7: 
0 0 0.75/7.5 7.5 -6/r 1 7:0 0 0.75/7.125 7.125 -6/r 1 7:0 0 0.75/6.75 6.75 -6/r 
 
1 7:0 0 0.75/6.375 6.375 -6/r 1 7:0 0 0.75/12 12 -5.25/r 1 6:0 0 0.75/11.625  
11.625 -6/r 1 7:0 0 0.75/11.25 11.25 -6/r 1 7:0 0 0.75/10.875 10.875 -6/r 1 7:0 
 
0 0.75/10.5 10.5 -6/r 1 7:0 0 0.75/10.125 10.125 -6/r 1 7:0 0 0.75/9.75 9.75 -6/
 
r 1 7:0 0 0.75/9.375 9.375 -6/r 1 7:0 0 0.75/0 12/6 12/r 1 2:3 3/0 12 -6/6 12  
-6/r 1 2:3 3/0 6.75/r 1 6:0 0.75/0.75 6.75/r 1 7:0 0.75/1.5 6.75/r 1 7:0 0.75/ 
2.25 6.75/r 1 7:0 0.75/3 6.75/r 1 7:0 0.75/3.75 6.75/r 1 7:0 0.75/4.5 6.75/r 1  
7:0 0.75/5.25 6.75/r 1 7:0 0.75/6 6.75/r 1 6:0 0.75/6.375 7.125/r 1 7:0 0.75/ 
6.75 7.5/r 1 7:0 0.75/7.125 7.875/r 1 7:0 0.75/7.5 8.25/r 1 7:0 0.75/7.875  
8.625/r 1 7:0 0.75/8.25 9/r 1 7:0 0.75/8.625 9.375/r 1 7:0 0.75/9 9.75/r 1 6:0  
0.75/9.375 10.125/r 1 7:0 0.75/9.75 10.5/r 1 7:0 0.75/10.125 10.875/r 1 7:0  
0.75/10.5 11.25/r 1 7:0 0.75/10.875 11.625/r 1 7:0 0.75/11.25 12/r 1 7:0 0.75/ 
11.625 12.375/r 1 7:0 0.75/12 12.75/r 1 6:0 0.75/6 12 -5.25/r 1 6:0 0 0.75/5.25 
 
12 -6/r 1 7:0 0 0.75/4.5 12 -6/r 1 7:0 0 0.75/3.75 12 -6/r 1 7:0 0 0.75/3 12 -6/
 
r 1 7:0 0 0.75/2.25 12 -6/r 1 7:0 0 0.75/1.5 12 -6/r 1 7:0 0 0.75/0.75 12 -6/r  
1 7:0 0 0.75/0 12 -5.25/r 1 6:0 0 0.75/9 15 -5.25/r 1 6:0 0 0.75/8.625 14.625  
-6/r 1 7:0 0 0.75/8.25 14.25 -6/r 1 7:0 0 0.75/7.875 13.875 -6/r 1 7:0 0 0.75/ 
7.5 13.5 -6/r 1 7:0 0 0.75/7.125 13.125 -6/r 1 7:0 0 0.75/6.75 12.75 -6/r 1 7:0 
 
0 0.75/6.375 12.375 -6/r 1 7:0 0 0.75/12 18 -5.25/r 1 6:0 0 0.75/11.625 17.625  
-6/r 1 7:0 0 0.75/11.25 17.25 -6/r 1 7:0 0 0.75/10.875 16.875 -6/r 1 7:0 0 0.75/
 
10.5 16.5 -6/r 1 7:0 0 0.75/10.125 16.125 -6/r 1 7:0 0 0.75/9.75 15.75 -6/r 1 7:
 
0 0 0.75/9.375 15.375 -6/r 1 7:0 0 0.75/0 18/6 18/r 1 2:3 3/0 18 -6/6 18 -6/r 1 
 
2:3 3/0 12.75/r 1 6:0 0.75/0.75 12.75/r 1 7:0 0.75/1.5 12.75/r 1 7:0 0.75/2.25  
12.75/r 1 7:0 0.75/3 12.75/r 1 7:0 0.75/3.75 12.75/r 1 7:0 0.75/4.5 12.75/r 1 7:
 
0 0.75/5.25 12.75/r 1 7:0 0.75/6 12.75/r 1 6:0 0.75/6.375 13.125/r 1 7:0 0.75/ 
6.75 13.5/r 1 7:0 0.75/7.125 13.875/r 1 7:0 0.75/7.5 14.25/r 1 7:0 0.75/7.875  
14.625/r 1 7:0 0.75/8.25 15/r 1 7:0 0.75/8.625 15.375/r 1 7:0 0.75/9 15.75/r 1  
6:0 0.75/9.375 16.125/r 1 7:0 0.75/9.75 16.5/r 1 7:0 0.75/10.125 16.875/r 1 7:0 
 
0.75/10.5 17.25/r 1 7:0 0.75/10.875 17.625/r 1 7:0 0.75/11.25 18/r 1 7:0 0.75/ 
11.625 18.375/r 1 7:0 0.75/12 18.75/r 1 6:0 0.75/6 18 -5.25/r 1 6:0 0 0.75/5.25 
 
18 -6/r 1 7:0 0 0.75/4.5 18 -6/r 1 7:0 0 0.75/3.75 18 -6/r 1 7:0 0 0.75/3 18 -6/
 
r 1 7:0 0 0.75/2.25 18 -6/r 1 7:0 0 0.75/1.5 18 -6/r 1 7:0 0 0.75/0.75 18 -6/r  
1 7:0 0 0.75/0 18 -5.25/r 1 6:0 0 0.75/9 21 -5.25/r 1 6:0 0 0.75/8.625 20.625  
-6/r 1 7:0 0 0.75/8.25 20.25 -6/r 1 7:0 0 0.75/7.875 19.875 -6/r 1 7:0 0 0.75/ 
7.5 19.5 -6/r 1 7:0 0 0.75/7.125 19.125 -6/r 1 7:0 0 0.75/6.75 18.75 -6/r 1 7:0 
 
0 0.75/6.375 18.375 -6/r 1 7:0 0 0.75/12 24 -5.25/r 1 6:0 0 0.75/11.625 23.625  
-6/r 1 7:0 0 0.75/11.25 23.25 -6/r 1 7:0 0 0.75/10.875 22.875 -6/r 1 7:0 0 0.75/
 
10.5 22.5 -6/r 1 7:0 0 0.75/10.125 22.125 -6/r 1 7:0 0 0.75/9.75 21.75 -6/r 1 7:
 
0 0 0.75/9.375 21.375 -6/r 1 7:0 0 0.75/0 24/6 24/r 1 2:3 3/0 24 -6/6 24 -6/r 1 
 
2:3 3/0 18.75/r 1 6:0 0.75/0.75 18.75/r 1 7:0 0.75/1.5 18.75/r 1 7:0 0.75/2.25  
18.75/r 1 7:0 0.75/3 18.75/r 1 7:0 0.75/3.75 18.75/r 1 7:0 0.75/4.5 18.75/r 1 7:
 
0 0.75/5.25 18.75/r 1 7:0 0.75/6 18.75/r 1 6:0 0.75/6.375 19.125/r 1 7:0 0.75/ 
6.75 19.5/r 1 7:0 0.75/7.125 19.875/r 1 7:0 0.75/7.5 20.25/r 1 7:0 0.75/7.875  
20.625/r 1 7:0 0.75/8.25 21/r 1 7:0 0.75/8.625 21.375/r 1 7:0 0.75/9 21.75/r 1  
6:0 0.75/9.375 22.125/r 1 7:0 0.75/9.75 22.5/r 1 7:0 0.75/10.125 22.875/r 1 7:0 
 
0.75/10.5 23.25/r 1 7:0 0.75/10.875 23.625/r 1 7:0 0.75/11.25 24/r 1 7:0 0.75/ 
11.625 24.375/r 1 7:0 0.75/12 24.75/r 1 6:0 0.75/6 24 -5.25/r 1 6:0 0 0.75/5.25 
 
24 -6/r 1 7:0 0 0.75/4.5 24 -6/r 1 7:0 0 0.75/3.75 24 -6/r 1 7:0 0 0.75/3 24 -6/
 
r 1 7:0 0 0.75/2.25 24 -6/r 1 7:0 0 0.75/1.5 24 -6/r 1 7:0 0 0.75/0.75 24 -6/r  
1 7:0 0 0.75/0 24 -5.25/r 1 6:0 0 0.75/9 27 -5.25/r 1 6:0 0 0.75/8.625 26.625  
-6/r 1 7:0 0 0.75/8.25 26.25 -6/r 1 7:0 0 0.75/7.875 25.875 -6/r 1 7:0 0 0.75/ 
7.5 25.5 -6/r 1 7:0 0 0.75/7.125 25.125 -6/r 1 7:0 0 0.75/6.75 24.75 -6/r 1 7:0 
 
0 0.75/6.375 24.375 -6/r 1 7:0 0 0.75/12 30 -5.25/r 1 6:0 0 0.75/11.625 29.625  
-6/r 1 7:0 0 0.75/11.25 29.25 -6/r 1 7:0 0 0.75/10.875 28.875 -6/r 1 7:0 0 0.75/
 
10.5 28.5 -6/r 1 7:0 0 0.75/10.125 28.125 -6/r 1 7:0 0 0.75/9.75 27.75 -6/r 1 7:
 
0 0 0.75/9.375 27.375 -6/r 1 7:0 0 0.75/0 30/6 30/r 1 2:3 3/0 30 -6/6 30 -6/r 1 
 
2:3 3/0 24.75/r 1 6:0 0.75/0.75 24.75/r 1 7:0 0.75/1.5 24.75/r 1 7:0 0.75/2.25  
24.75/r 1 7:0 0.75/3 24.75/r 1 7:0 0.75/3.75 24.75/r 1 7:0 0.75/4.5 24.75/r 1 7:
 
0 0.75/5.25 24.75/r 1 7:0 0.75/6 24.75/r 1 6:0 0.75/6.375 25.125/r 1 7:0 0.75/ 
6.75 25.5/r 1 7:0 0.75/7.125 25.875/r 1 7:0 0.75/7.5 26.25/r 1 7:0 0.75/7.875  
26.625/r 1 7:0 0.75/8.25 27/r 1 7:0 0.75/8.625 27.375/r 1 7:0 0.75/9 27.75/r 1  
6:0 0.75/9.375 28.125/r 1 7:0 0.75/9.75 28.5/r 1 7:0 0.75/10.125 28.875/r 1 7:0 
 
0.75/10.5 29.25/r 1 7:0 0.75/10.875 29.625/r 1 7:0 0.75/11.25 30/r 1 7:0 0.75/ 
11.625 30.375/r 1 7:0 0.75/12 30.75/r 1 6:0 0.75/6 30 -5.25/r 1 6:0 0 0.75/5.25 
 
30 -6/r 1 7:0 0 0.75/4.5 30 -6/r 1 7:0 0 0.75/3.75 30 -6/r 1 7:0 0 0.75/3 30 -6/
 
r 1 7:0 0 0.75/2.25 30 -6/r 1 7:0 0 0.75/1.5 30 -6/r 1 7:0 0 0.75/0.75 30 -6/r  
1 7:0 0 0.75/0 30 -5.25/r 1 6:0 0 0.75/9 33 -5.25/r 1 6:0 0 0.75/8.625 32.625  
-6/r 1 7:0 0 0.75/8.25 32.25 -6/r 1 7:0 0 0.75/7.875 31.875 -6/r 1 7:0 0 0.75/ 
7.5 31.5 -6/r 1 7:0 0 0.75/7.125 31.125 -6/r 1 7:0 0 0.75/6.75 30.75 -6/r 1 7:0 
 
0 0.75/6.375 30.375 -6/r 1 7:0 0 0.75/12 36 -5.25/r 1 6:0 0 0.75/11.625 35.625  
-6/r 1 7:0 0 0.75/11.25 35.25 -6/r 1 7:0 0 0.75/10.875 34.875 -6/r 1 7:0 0 0.75/
 
10.5 34.5 -6/r 1 7:0 0 0.75/10.125 34.125 -6/r 1 7:0 0 0.75/9.75 33.75 -6/r 1 7:
 
0 0 0.75/9.375 33.375 -6/r 1 7:0 0 0.75/)
(5/
1-6  : 9-16 241 r 289 8  304 r 352 8  367 r 415 8  437 r 485 8  507 r 555 8  
 570 r 618 8  630-633 837 r 885 8  907 r 955 8  970 r 1018 8  1030-1033 1237 r  
1285 8  1307 r 1355 8  1370 r 1418 8  1430-1433 1637 r 1685 8  1707 r 1755 8  
 1770 r 1818 8  1830-1833 2037 r 2085 8  2107 r 2155 8  2170 r 2218 8 /)
(6/
1 Name="СВ"  Type=0  Mode=2  Normative  LongTime=1  ReliabilityFactor=1.1 /
2 Name="Распр"  Type=1  Mode=2  Normative  LongTime=1  ReliabilityFactor=1.05 /
3 Name="Сосредот"  Type=1  Mode=8  Normative  LongTime=1  ReliabilityFactor=1.2 
/)
(7/

96 3 Load=1  1:1-2112 /

16 3 Load=2  3:1-192 577-768 961-1152 1345-1536 1729-1920 /

0 3 Load=3  5:43-49 87-93 192-198 657-663 697-703 791-797 1057-1063 1097-1103  
1191-1197 1457-1463 1497-1503 1591-1597 1857-1863 1897-1903 1991-1997 /)
(57/
Name="Плита" 2  : 577-768/
Name="Стены" 2  : 769-960/
Name="Плита" 2  : 961-1152/
Name="Стены" 2  : 1153-1344/
Name="Плита" 2  : 1345-1536/
Name="Стены" 2  : 1537-1728/
Name="Плита" 2  : 1729-1920/
Name="Стены" 2  : 1921-2112/)
(33/
EX  1 0 0  GroupElem=2 :1-64 577-640 961-1024 1345-1408 1729-1792/
EX  0 0 1  GroupElem=2 :193-576 769-960 1153-1344 1537-1728 1921-2112/

EX  0.375 0.375 0  GroupElem=2 :65-192 641-768 1025-1152 1409-1536 1793-1920/
)

(47/
Name="Плита" 2  : 1-192 577-768 961-1152 1345-1536 1729-1920/
Name="Стены" 2  : 193-576 769-960 1153-1344 1537-1728 1921-2112/)
(53/Version=3 Code=8 
Name="Плита" 103 0 1 0 0 0 0 0 3 3 4 4 0 0 0 0 0 0 0 0 1 1 1 1 0 0 
 "B30"  "" 1 0.9 0.9 0 0 
 "A400"  "A240" 1 1 0 10 0 0 3 1 1 1 0 0 0 0 20 6 0.4 0.3 0 0 0 0 0 3 0 0 0 1 1 
 
1 0 0 0 0 0 0 0 0 0 0 0 0 0 0 0 0 0 0.00666667 0.00666667 0.00666667 0 0 0 0 0  
0 0 0.0007 0.0007 0.0007 1 1 1.1 1 0 0 0 0 0 0 0 0 0 0 0 0 0 0 0 0 0 0 0 0 0 0  
0 0 0 0 0 0 0 0 0 0 0 0 0 0 0 0 0 0 0 0 0 :
1-192 577-768 961-1152 1345-1536 1729-1920/
)
(61/ Quantity=3 NoComb=1
 0 2 0 0 0 0 0 1.1 1 1;
0;
 0; 0/
 1 2 0 0 0 0 0 1.05 1 1;
0;
 0; 0/
 1 8 0 0 0 0 0 1.2 1 1;
0;
 0; 0/)
